      1.0000000	      0.0000000	     -1.9878700	      1.7034256	      0.9939350	      2.3990345	     -2.5396416	     -5.6343164	      1.1126050	      2.5396416	      4.8809605	     -1.0179747	     -0.0528585	      3.8351331	      6.0020204	      2.2547345	      4.4656339	     -6.3049383	    -10.3262091	
      1.0000000	      0.0000000	     -2.7258408	      1.3383393	      1.3629204	      3.5228562	     -2.7360749	     -6.7411575	     -0.4942255	      2.7360749	      5.8402562	      0.9746299	     -2.5304677	      2.3959489	      4.0539279	      5.8456430	      6.1733713	     -5.6942472	     -9.8039579	
      1.0000000	      0.0000000	     -3.4637706	      0.9712933	      1.7318853	      5.4562683	     -2.5232527	    -10.0943146	     -1.9059470	      2.5232527	      6.7424178	      5.1936703	     -3.9118204	     -0.1465131	     -1.7490101	     10.8114882	     12.4567862	     -6.4882812	    -19.3188572	
      1.0000000	      0.0000000	     -2.8815997	      1.0484253	      1.4407998	      3.4951811	     -2.2658565	     -5.0792508	     -1.1247690	      2.2658565	      4.5364399	      1.6595253	     -2.6884334	      0.8801002	      1.6078604	      4.7713428	      3.7980695	     -2.9271083	     -3.1383839	
      1.0000000	      0.0000000	     -3.6186006	      0.6828409	      1.8093003	      5.7152309	     -1.8531964	     -9.4436750	     -2.3357797	      1.8531964	      4.9758439	      6.4178329	     -3.1937940	     -1.6959952	     -5.2564764	      8.4737005	     11.4871168	     -4.1383085	    -15.1101952	
      1.0000000	      0.0000000	     -1.4075311	      1.7821606	      0.7037656	      1.4964659	     -1.8813349	     -3.5287845	      1.7511533	      1.8813349	      2.9618700	     -1.4141663	      1.5061383	      3.1785586	      3.9809067	     -0.2164249	      1.9845033	     -3.9864941	     -5.2611389	
      1.0000000	      0.0000000	     -2.1423900	      1.4148587	      1.0711950	      2.0831511	     -2.2733843	     -3.6933215	      0.2015183	      2.2733843	      3.4581995	     -0.7552809	     -1.0190881	      2.6019416	      3.4433615	      1.2204311	      1.9003223	     -2.8390172	     -2.0922585	
      1.0000000	      0.0000000	     -2.2976904	      1.1241099	      1.1488452	      1.9173691	     -1.9371424	     -2.0109441	     -0.4572148	      1.9371424	      2.4990747	     -0.4139398	     -1.5152512	      1.4194119	      2.0708520	      0.6830991	      0.0264122	     -0.5923402	      1.9798830	
      1.0000000	      0.0000000	     -3.0333984	      0.7580944	      1.5166992	      3.6068773	     -1.7247018	     -3.9817159	     -1.5619015	      1.7247018	      3.3931067	      2.4278607	     -2.3980126	     -0.4370027	     -0.3028475	      3.8458500	      2.2732432	     -1.3656293	      0.1946797	
      1.0000000	      0.0000000	     -3.7738471	      0.3916744	      1.8869236	      6.1261377	     -1.1085895	     -9.7019348	     -2.6478281	      1.1085895	      3.0687103	      7.7759385	     -2.0617805	     -2.9249711	     -8.5404253	      5.5751429	     12.1741343	     -2.4276063	    -15.1242819	
      1.0000000	      0.0000000	     -0.8225576	      1.8567609	      0.4112788	      0.9662587	     -1.1454695	     -1.9947569	      2.2736235	      1.1454695	      1.7732282	     -1.0947006	      2.7295408	      2.0920789	      2.3563004	     -0.8065904	      0.8397587	     -2.3228426	     -2.7973459	
      1.0000000	      0.0000000	     -1.5598680	      1.4897686	      0.7799340	      1.0332263	     -1.7428818	     -1.9366719	      0.7836803	      1.7428818	      1.5557678	     -1.3909389	      0.2938714	      2.3592749	      1.7377808	     -1.0975775	      0.1647667	     -1.2424062	      0.3360545	
      1.0000000	      0.0000000	     -1.7180917	      1.2005482	      0.8590459	      0.7413965	     -1.5469890	     -0.4620182	      0.0954186	      1.5469890	      0.7865935	     -1.3092550	     -0.4637498	      1.5402640	      0.9808850	     -1.4758335	     -0.9767646	      0.5690967	      2.4736018	
      1.0000000	      0.0000000	     -2.4547150	      0.8338321	      1.2273575	      1.9108715	     -1.5351152	     -0.7426096	     -0.9124010	      1.5351152	      1.8465174	      0.0157260	     -1.5942634	      0.3555788	      1.3046832	      0.5302485	     -1.3222858	      0.5074004	      3.4948583	
      1.0000000	      0.0000000	     -3.1902347	      0.4685843	      1.5951173	      3.8895769	     -1.1211705	     -3.6558681	     -1.8697166	      1.1211705	      2.2739315	      3.3318789	     -1.7369546	     -1.5039448	     -2.0483730	      2.8522289	      1.7980127	     -0.6801218	      1.2941325	
      1.0000000	      0.0000000	     -3.9291067	      0.1008784	      1.9645534	      6.6914396	     -0.2972714	    -11.0190601	     -2.8942175	      0.2972714	      0.8664024	      9.2706089	     -0.5834922	     -3.7610791	    -11.6526117	      1.6817102	     14.9300518	     -0.7281396	    -19.8585205	
      1.0000000	      0.0000000	     -0.2404132	      1.9333541	      0.1202066	      0.8359053	     -0.3486028	     -0.6319168	      2.6991391	      0.3486028	      1.5103500	     -0.3571458	      3.5713975	      0.6731043	      2.0290780	     -0.2959617	      0.5918112	     -0.7856972	     -1.0235212	
      1.0000000	      0.0000000	     -0.9787605	      1.5662071	      0.4893803	      0.3786128	     -1.1497062	     -1.0166839	      1.2610976	      1.1497062	      0.2685789	     -1.2337345	      1.3583130	      1.7420764	      0.0125200	     -1.5602628	     -0.3714004	     -0.5604771	      0.5880768	
      1.0000000	      0.0000000	     -0.3977071	      1.6430092	      0.1988536	      0.1135806	     -0.4900773	     -0.4408714	      1.6335689	      0.4900773	     -0.2988512	     -0.5808343	      2.1201808	      0.8012700	     -0.9503673	     -0.8094006	     -0.4946505	     -0.2769116	      0.1892936	
      1.0000000	      0.0000000	     -1.1359475	      1.2780708	      0.5679737	     -0.0490644	     -1.0888660	      0.0748717	      0.5409359	      1.0888660	     -0.5096340	     -1.3374711	      0.4253947	      1.3000354	     -0.6057481	     -1.9951223	     -0.8348547	      0.8056535	      1.6998088	
      1.0000000	      0.0000000	     -1.8735942	      0.9099271	      0.9367971	      0.5955503	     -1.2786256	      0.8275024	     -0.3756703	      1.2786256	      0.4192341	     -1.1661460	     -0.8211178	      0.7523949	      0.9505732	     -1.4270169	     -1.8221827	      1.4798895	      2.5058250	
      1.0000000	      0.0000000	     -2.6104872	      0.5443829	      1.3052436	      2.0555015	     -1.0658284	     -0.0000532	     -1.2172471	      1.0658284	      1.3105122	      0.5316541	     -1.3105010	     -0.5316275	      0.7158245	      0.5394294	     -2.2036097	      0.7105281	      3.9157307	
      1.0000000	      0.0000000	     -3.3483369	      0.1779699	      1.6741685	      4.3301449	     -0.4469274	     -4.1913476	     -2.1000161	      0.4469274	      0.9681907	      4.3623476	     -0.7454133	     -2.2666736	     -3.7939689	      1.3557519	      2.5626798	     -0.3236599	      0.6503358	
      1.0000000	      0.0000000	      0.3420409	      2.0101428	     -0.1710204	      1.0963136	      0.5156633	      1.0619969	      3.0239384	     -0.5156633	      2.2682815	      0.5030573	      3.9729769	     -1.0340557	      3.4925821	      0.2885918	      1.2650045	      1.4351957	      2.2347522	
      1.0000000	      0.0000000	     -2.0314672	      0.6202084	      1.0157336	      0.6098520	     -0.9449497	      1.7784281	     -0.6843229	      0.9449497	      0.2975776	     -0.9513062	     -0.8405330	      0.0620921	      1.1608115	     -1.0396001	     -2.5323546	      1.5491298	      1.7497779	
      1.0000000	      0.0000000	     -2.7678761	      0.2553779	      1.3839381	      2.3583038	     -0.5301408	      0.0809501	     -1.4302177	      0.5301408	      0.7178856	      1.1494563	     -0.7253545	     -1.1899314	      0.0566531	      0.4466753	     -2.4986565	      0.3706546	      4.1498413	
      1.0000000	      0.0000000	     -3.5065193	     -0.1119711	      1.7532597	      4.9257216	      0.2944715	     -5.7145233	     -2.3059659	     -0.2944715	     -0.6980608	      5.5189791	      0.5155832	     -2.6617172	     -5.5074778	     -1.0881449	      4.9697981	      0.3369034	     -2.5009506	
      1.0000000	      0.0000000	      0.1815279	      1.7198312	     -0.0907639	      0.2369003	      0.2341480	      0.2630495	      1.9014277	     -0.2341480	     -0.0300390	      0.2707964	      2.5222230	     -0.4023211	     -0.6012599	      0.3546300	     -0.3880787	      0.2209020	      0.0453595	
      1.0000000	      0.0000000	     -0.5557292	      1.3544956	      0.2778646	     -0.4502865	     -0.5645496	      0.0734670	      0.8739823	      0.5645496	     -1.2647134	     -0.7906866	      1.0856501	      0.7539531	     -1.8604683	     -1.2860981	     -0.5452992	      0.4592919	      0.8255002	
      1.0000000	      0.0000000	     -1.2948171	      0.9868973	      0.6474085	     -0.3264651	     -0.9583887	      1.1787286	      0.0460984	      0.9583887	     -0.7585492	     -1.3995188	     -0.1398666	      0.8101546	     -0.2842338	     -2.0514469	     -1.0214208	      1.6083292	      1.0480188	
      1.0000000	      0.0000000	     -0.7132113	      1.0633427	      0.3566056	     -0.8658497	     -0.5687910	      0.7939483	      0.3554940	      0.5687910	     -1.5820408	     -0.9791196	      0.3983255	      0.5821455	     -1.5676833	     -1.5583924	     -0.1478115	      1.0827266	      0.3332962	
      1.0000000	      0.0000000	     -1.4521383	      0.6975220	      0.7260692	     -0.4489503	     -0.7596738	      2.1483369	     -0.2681184	      0.7596738	     -0.6500443	     -1.4126744	     -0.3818906	      0.3385060	      0.3905198	     -1.7294822	     -1.2259250	      1.7552094	     -0.4703873	
      1.0000000	      0.0000000	     -2.1872935	      0.3309611	      1.0936468	      0.7732937	     -0.5429319	      2.2782898	     -0.8834530	      0.5429319	      0.2309199	     -0.6647989	     -0.5756497	     -0.4743460	      1.2812165	     -0.4987169	     -3.1238618	      0.9903091	      1.3033805	
      1.0000000	      0.0000000	     -2.9262748	     -0.0340511	      1.4631374	      2.8176043	      0.0747322	     -0.6229914	     -1.6055931	     -0.0747322	     -0.1165731	      1.8750721	      0.1093238	     -1.5635763	     -0.7372922	     -0.1011048	     -1.9395443	     -0.0321435	      4.2788854	
      1.0000000	      0.0000000	     -3.6716375	     -0.4056504	      1.8358188	      5.7064328	      1.1170509	     -8.4527493	     -2.5527043	     -1.1170509	     -2.9512055	      6.8668089	      2.0173275	     -2.6404340	     -7.0653286	     -5.0967717	      9.7660313	      2.1126835	    -10.7089605	
      1.0000000	      0.0000000	      0.7635644	      1.7968827	     -0.3817822	      0.7495454	      1.0290267	      1.5743308	      2.0663390	     -1.0290267	      1.1968328	      1.0340513	      2.5080123	     -1.8212166	      1.3736304	      0.9723784	      0.3487051	      1.6713886	      1.5596395	
      1.0000000	      0.0000000	      0.0253513	      1.4304359	     -0.0126757	     -0.4650283	      0.0271976	      0.0017609	      1.0974602	     -0.0271976	     -1.3637363	      0.0380229	      1.4630963	     -0.0389034	     -2.2122951	      0.0624042	     -0.5219556	     -0.0160326	     -0.0379251	
      1.0000000	      0.0000000	     -0.1286021	      1.1398486	      0.0643011	     -1.0162560	     -0.1099402	      0.1343784	      0.5522567	      0.1099402	     -1.9244535	     -0.1923715	      0.7334076	      0.1251823	     -2.2927558	     -0.3195908	      0.1402615	      0.2009360	      0.0758914	
      1.0000000	      0.0000000	     -0.8694412	      0.7731929	      0.4347206	     -1.1264200	     -0.5041844	      1.5821970	      0.0316019	      0.5041844	     -1.4189843	     -1.1398531	      0.0119386	      0.3487546	     -0.7354444	     -1.5273536	      0.2643301	      1.3555758	     -1.0952214	
      1.0000000	      0.0000000	     -1.6083009	      0.4077563	      0.8041505	     -0.4203207	     -0.4918461	      2.8637652	     -0.4595701	      0.4918461	     -0.3644366	     -1.3724308	     -0.3616205	     -0.0594518	      1.0153033	     -1.1040965	     -1.5914817	      1.3009959	     -1.8369352	
      1.0000000	      0.0000000	     -2.3444133	      0.0428048	      1.1722066	      1.0930281	     -0.0752641	      2.1947203	     -1.0305219	      0.0752641	      0.0481142	     -0.2952357	     -0.0881858	     -0.8021244	      1.1713322	     -0.0423964	     -3.4624691	      0.1284631	      1.8044657	
      1.0000000	      0.0000000	     -3.0840399	     -0.3251573	      1.5420200	      3.4294031	      0.7520987	     -2.2369444	     -1.7962610	     -0.7520987	     -1.3784083	      2.7072492	      1.1425622	     -1.5887768	     -1.5363086	     -1.5287684	     -0.0989515	      0.1047333	      3.2739587	
      1.0000000	      0.0000000	      0.6062303	      1.5061806	     -0.3031151	     -0.0918376	      0.6848192	      0.3277816	      1.2124252	     -0.6848192	     -0.6864923	      0.8536457	      1.5008667	     -1.0175365	     -1.3276775	      1.2873366	     -0.6081053	     -0.0451308	     -0.7616556	
      1.0000000	      0.0000000	     -1.7652454	      0.1200108	      0.8826227	     -0.2363966	     -0.1588863	      3.1948504	     -0.5836190	      0.1588863	     -0.0778304	     -1.2727016	     -0.1393725	     -0.3247236	      1.3668480	     -0.3241981	     -2.1157196	      0.4254379	     -2.1706634	
      1.0000000	      0.0000000	     -2.5018554	     -0.2479645	      1.2509277	      1.5669600	      0.4652786	      1.4023907	     -1.1793325	     -0.4652786	     -0.4354125	      0.1621705	      0.5744066	     -0.8633658	      0.8679146	      0.0170809	     -3.2526019	     -0.5999717	      3.0977027	
      1.0000000	      0.0000000	     -3.2483771	     -0.6177859	      1.6241885	      4.2217183	      1.5051011	     -4.9683008	     -2.0669103	     -1.5051011	     -3.2715621	      3.6966155	      2.3266761	     -1.2124650	     -2.0800893	     -4.3843904	      3.7265365	      1.5543877	     -1.4598306	
      1.0000000	      0.0000000	      1.1884278	      1.5847135	     -0.5942139	      0.6779404	      1.4124881	      1.5409278	      1.2275764	     -1.4124881	      0.9042172	      1.3630196	      1.1505387	     -2.1334834	      0.9056638	      1.4471091	     -0.0552601	      1.0932821	     -0.1176559	
      1.0000000	      0.0000000	      0.4467540	      1.2166165	     -0.2233770	     -0.7776143	      0.4076462	     -0.3149261	      0.6378703	     -0.4076462	     -1.6669500	      0.6478392	      0.8093321	     -0.4903762	     -2.1022539	      1.0769172	     -0.2355151	     -0.5910510	     -0.4851328	
      1.0000000	      0.0000000	     -0.2899098	      0.8500420	      0.1449549	     -1.4107946	     -0.1848266	      0.5463713	      0.2145721	      0.1848266	     -1.8823268	     -0.4287732	      0.2803165	      0.1555875	     -1.5874232	     -0.6183056	      1.0278114	      0.5102499	     -0.4232228	
      1.0000000	      0.0000000	     -1.0285541	      0.4842687	      0.5142770	     -1.2290308	     -0.3735724	      2.3157940	     -0.1557723	      0.3735724	     -0.9549978	     -1.2707982	     -0.1353353	      0.1129012	      0.1484545	     -1.1742754	      0.4016853	      1.1836038	     -2.8021860	
      1.0000000	      0.0000000	     -0.4469885	      0.5604513	      0.2234942	     -1.6520340	     -0.1878864	      1.0968727	      0.0285531	      0.1878864	     -1.4213299	     -0.6481558	      0.0460289	      0.0997195	     -0.6744525	     -0.6789035	      1.7364323	      0.6375440	     -1.5725461	
      1.0000000	      0.0000000	     -1.1863872	      0.1951223	      0.5931936	     -1.1797185	     -0.1736179	      2.8652117	     -0.2611232	      0.1736179	     -0.3719599	     -1.3621165	     -0.0992746	     -0.0704893	      0.7744295	     -0.5362322	      0.1569518	      0.5816342	     -3.9868319	
      1.0000000	      0.0000000	     -1.9219601	     -0.1711356	      0.9609801	      0.0998016	      0.2466869	      3.0191011	     -0.6944916	     -0.2466869	      0.0342724	     -1.1080433	      0.2345551	     -0.4015073	      1.4015703	      0.4111992	     -2.6321828	     -0.5950211	     -1.0691762	
      1.0000000	      0.0000000	     -2.6607661	     -0.5367205	      1.3303831	      2.1983695	      1.0710657	     -0.2314385	     -1.3854190	     -1.0710657	     -1.3943064	      0.7181916	      1.3476214	     -0.6024723	      0.5846239	     -0.7121035	     -2.0402265	     -0.6105290	      3.9743733	
      1.0000000	      0.0000000	      1.0291004	      1.2938901	     -0.5145502	     -0.1486720	      0.9986572	     -0.0942961	      0.6137416	     -0.9986572	     -0.6877836	      1.2711840	      0.5692249	     -1.2240360	     -0.8789922	      1.9403597	     -0.7723199	     -0.7674454	     -1.5364504	
      1.0000000	      0.0000000	      0.2905776	      0.9269922	     -0.1452888	     -1.3080192	      0.2020224	     -0.4879857	      0.2828851	     -0.2020224	     -1.9256955	      0.4297326	      0.3689374	     -0.1857397	     -1.7890325	      0.6527610	      0.7630044	     -0.5116474	      0.2470554	
      1.0000000	      0.0000000	      0.8706477	      1.0040030	     -0.4353239	     -0.8175930	      0.6555997	     -1.0480044	      0.2373913	     -0.6555997	     -1.4291555	      1.1409779	      0.2206304	     -0.6169757	     -1.2008820	      1.7610815	     -0.2659810	     -1.3138994	     -0.2547302	
      1.0000000	      0.0000000	      0.1352366	      0.6371794	     -0.0676183	     -1.6852143	      0.0646275	     -0.3224237	      0.0935808	     -0.0646275	     -1.6441050	      0.2022366	      0.1249767	     -0.0410247	     -1.0462964	      0.2359057	      1.8509048	     -0.2142864	      0.4377325	
      1.0000000	      0.0000000	     -1.3409740	     -0.0943671	      0.6704870	     -0.9818273	      0.0949079	      3.1007516	     -0.3374797	     -0.0949079	      0.1549920	     -1.4086224	      0.0632143	     -0.1417535	      1.0137458	      0.2722621	     -0.4260732	     -0.3071128	     -3.9634628	
      1.0000000	      0.0000000	     -2.0812340	     -0.4614472	      1.0406170	      0.5961885	      0.7202848	      2.1983535	     -0.8490094	     -0.7202848	     -0.2129970	     -0.8681166	      0.7004117	     -0.2310602	      1.2524537	      0.8033668	     -2.8272417	     -1.3255433	      1.1867977	
      1.0000000	      0.0000000	     -2.8245912	     -0.8305880	      1.4122956	      3.0052097	      1.7595536	     -2.8999591	     -1.7108103	     -1.7595536	     -3.0512586	      1.3969829	      2.1985083	      0.0529967	      0.7241517	     -2.7472684	      0.8689925	      0.8341903	      1.7557715	
      1.0000000	      0.0000000	      1.6113117	      1.3713524	     -0.8056558	      0.8708886	      1.6572572	      1.2802407	      0.4803049	     -1.6572572	      1.1352762	      1.3710952	     -0.0456911	     -2.0112154	      1.2515228	      1.3425834	     -0.3790415	      0.3582129	     -1.5693060	
      1.0000000	      0.0000000	      1.4504216	      1.0811484	     -0.7252108	      0.0600054	      1.1760907	     -0.6639758	      0.0794525	     -1.1760907	     -0.2738831	      1.4128112	     -0.2210463	     -1.0808233	      0.0725040	      2.0124147	     -1.2163935	     -1.3822740	     -1.9223360	
      1.0000000	      0.0000000	      0.7112932	      0.7137992	     -0.3556466	     -1.3332779	      0.3807904	     -1.4553125	      0.0415194	     -0.3807904	     -1.5068567	      0.9769722	      0.0464169	     -0.2493160	     -0.8098626	      1.2410711	      0.7870252	     -1.1195276	      1.4143794	
      1.0000000	      0.0000000	     -1.4999248	     -0.3837897	      0.7499624	     -0.6240310	      0.4317418	      2.9029436	     -0.4430315	     -0.4317418	      0.4472589	     -1.4062641	      0.2955250	     -0.0452077	      0.9268353	      1.0668969	     -1.1910766	     -1.2162611	     -2.4320595	
      1.0000000	      0.0000000	     -2.2372353	     -0.7509570	      1.1186177	      1.2383896	      1.2600507	      0.6200210	     -1.0972886	     -1.2600507	     -0.9896508	     -0.5563882	      1.1977689	      0.2463777	      1.2368529	      0.5062749	     -2.2155638	     -1.2280414	      3.2126606	
      1.0000000	      0.0000000	     -1.6570029	     -0.6747812	      0.8285015	     -0.1140697	      0.8385858	      2.1331983	     -0.6300290	     -0.8385858	      0.3275566	     -1.3481133	      0.5411456	      0.2815142	      0.7374486	      1.5971050	     -1.7697083	     -1.7585922	      0.1969676	
      1.0000000	      0.0000000	     -2.4024076	     -1.0437742	      1.2012038	      2.0636024	      1.8806784	     -1.9184017	     -1.5086012	     -1.8806784	     -2.5239887	     -0.1372000	      1.6905005	      1.0964009	      1.8674663	     -0.9687634	     -0.1116157	      0.4148629	      2.3270223	
      1.0000000	      0.0000000	      2.0332661	      1.1583748	     -1.0166330	      1.3318453	      1.7664632	      1.1448555	     -0.1922778	     -1.7664632	      1.6709096	      0.9484317	     -1.0186725	     -1.5208595	      1.6943607	      0.5263172	     -0.6632488	     -0.0724990	     -2.5127115	
      1.0000000	      0.0000000	      1.2927370	      0.7905811	     -0.6463685	     -0.5912036	      0.7665101	     -1.8560910	     -0.1280463	     -0.7665101	     -0.8867195	      1.3990101	     -0.2483841	     -0.4709645	     -0.0385663	      1.8661996	     -0.8663312	     -1.7338321	      0.2816825	
      1.0000000	      0.0000000	      0.5531368	      0.4247201	     -0.2765684	     -1.6926069	      0.1761962	     -1.4462781	     -0.0286373	     -0.1761962	     -1.1000856	      0.7873958	     -0.0104233	     -0.0642567	     -0.2644562	      0.6446055	      1.8607904	     -0.6293503	      2.3215952	
      1.0000000	      0.0000000	      1.1349986	      0.5008892	     -0.5674993	     -1.0872078	      0.4263814	     -2.4295573	     -0.1944160	     -0.4263814	     -0.8930573	      1.3369654	     -0.1791371	     -0.1221868	      0.2619468	      1.2730838	      0.0152981	     -1.2983702	      2.6313906	
      1.0000000	      0.0000000	     -1.0774581	     -0.5974406	      0.5387291	     -1.0792832	      0.4827879	      2.1864357	     -0.2976396	     -0.4827879	      1.0588903	     -1.3034776	      0.1534681	      0.2102597	     -0.0180557	      1.4372507	      0.0484612	     -1.4104133	     -2.0811734	
      1.0000000	      0.0000000	     -1.8132200	     -0.9639412	      0.9066100	      0.5462558	      1.3108780	      0.6768997	     -0.9523353	     -1.3108780	     -0.3807642	     -1.2294688	      0.7406165	      0.8910190	      0.8640910	      1.5348113	     -1.6701952	     -1.4176615	      2.5092502	
      1.0000000	      0.0000000	      1.8724570	      0.8679419	     -0.9362285	      0.5371710	      1.2188879	     -1.0396434	     -0.4122026	     -1.2188879	      0.3323303	      1.1674323	     -0.8142373	     -0.6476107	      0.9392431	      1.4394106	     -1.9169339	     -1.5645504	     -2.3276517	
      1.0000000	      0.0000000	      1.7151490	      0.5783713	     -0.8575745	     -0.0943883	      0.7439948	     -2.3927681	     -0.4790232	     -0.7439948	     -0.2655791	      1.3113445	     -0.5412945	     -0.1149605	      0.9238422	      1.4006845	     -1.9397650	     -1.6492536	      0.2090264	
      1.0000000	      0.0000000	      0.9766399	      0.2120325	     -0.4883199	     -1.4297549	      0.1553095	     -2.5147293	     -0.1752676	     -0.1553095	     -0.4748834	      1.2320738	     -0.0710745	      0.0252908	      0.5136455	      0.5228331	      0.9381765	     -0.5478765	      3.9309762	
      1.0000000	      0.0000000	     -1.2350895	     -0.8867283	      0.6175448	     -0.5522212	      0.8213916	      1.5420427	     -0.5474797	     -0.8213916	      0.9484697	     -1.3816186	      0.1586346	      0.6105973	     -0.3001775	      1.9642406	     -0.8257474	     -1.6870719	      0.2482325	
      1.0000000	      0.0000000	     -1.9815038	     -1.2564825	      0.9907519	      1.3926373	      1.8672936	     -1.6654667	     -1.4800681	     -1.8672936	     -1.9142716	     -1.0272326	      0.8581900	      1.8599660	      1.9453498	      0.4302301	     -0.1904682	      0.4989956	      1.8057263	
      1.0000000	      0.0000000	      2.4562171	      0.9453705	     -1.2281085	      2.0638578	      1.7415264	      1.4810102	     -0.8143498	     -1.7415264	      2.2863569	     -0.0202651	     -1.7163326	     -0.7202399	      1.5654216	     -0.8975784	     -0.5925471	      0.0057352	     -2.9401624	
      1.0000000	      0.0000000	     -0.6540900	     -0.8099533	      0.3270450	     -1.2673253	      0.3973368	      1.2136809	     -0.2794748	     -0.3973368	      1.6386168	     -0.9111745	     -0.1357276	      0.3043341	     -1.1300393	      1.2658819	      0.6371588	     -1.0840786	     -0.8955451	
      1.0000000	      0.0000000	     -1.3924648	     -1.1752013	      0.6962324	      0.1264875	      1.2273198	      0.2802246	     -0.9722052	     -1.2273198	      0.1935361	     -1.4137144	      0.0429656	      1.2736021	     -0.0127411	      2.0094123	     -1.0689931	     -1.0926468	      2.0417027	
      1.0000000	      0.0000000	      2.2953408	      0.6547155	     -1.1476704	      1.2850708	      1.1270963	     -0.8752146	     -0.8826185	     -1.1270963	      0.9035691	      0.4197092	     -1.1532124	      0.0178981	      1.1856202	      0.3943951	     -2.4867091	     -1.2289113	     -3.1649115	
      1.0000000	      0.0000000	      1.5551882	      0.2887805	     -0.7775941	     -0.5769861	      0.3368310	     -3.0605013	     -0.4444585	     -0.3368310	     -0.3184233	      1.3924338	     -0.2498765	      0.1378169	      1.0935837	      0.8147516	     -1.3561023	     -0.9610649	      2.6862609	
      1.0000000	      0.0000000	     -0.0756225	     -0.7329089	      0.0378112	     -1.5939167	      0.0415683	      0.1657737	     -0.1487045	     -0.0415683	      1.8018972	     -0.1133256	     -0.1952713	      0.0304387	     -1.3352381	      0.1475174	      1.5588877	     -0.1289597	     -0.1893965	
      1.0000000	      0.0000000	     -0.8123813	     -1.0985072	      0.4061907	     -0.7237321	      0.6693050	      0.7656180	     -0.6208388	     -0.6693050	      1.4262022	     -1.0845366	     -0.3909287	      0.7017275	     -1.4292502	      1.7280951	     -0.3632824	     -1.1470674	      0.6172832	
      1.0000000	      0.0000000	     -1.5580007	     -1.4684157	      0.7790003	      0.9825770	      1.7158445	     -1.7833335	     -1.6424800	     -1.7158445	     -1.4343035	     -1.3915415	     -0.2464884	      2.2832081	      1.5886292	      1.1771132	      0.0332344	      1.0383328	      0.6359543	
      1.0000000	      0.0000000	      2.8790069	      0.7326625	     -1.4395034	      3.0649786	      1.5820053	      2.6298194	     -1.4066442	     -1.5820053	      2.7499056	     -1.6472818	     -2.0806575	      0.3323721	      0.2526819	     -2.5751152	      0.5098162	      0.5509715	     -2.3166771	
      1.0000000	      0.0000000	      2.1413188	      0.3660072	     -1.0706594	      0.6796719	      0.5878037	     -2.3117480	     -0.8413471	     -0.5878037	      0.2096841	      0.7573597	     -0.6048221	      0.3985142	      1.2886302	      0.6010802	     -3.0252724	     -1.0969661	     -1.1321936	
      1.0000000	      0.0000000	      1.3997389	      0.0002200	     -0.6998695	     -0.8979111	      0.0002310	     -3.1707923	     -0.3673629	     -0.0002310	     -0.0003368	      1.4139920	     -0.0001617	      0.1714040	      1.0945752	      0.0006411	     -0.6586024	     -0.0007354	      3.8859861	
      1.0000000	      0.0000000	      1.9816146	      0.0749683	     -0.9908073	      0.2130381	      0.1114187	     -3.0101142	     -0.7361163	     -0.1114187	     -0.0036946	      1.0270727	     -0.1101837	      0.4779845	      1.4327782	      0.1717038	     -2.8197768	     -0.2623316	      0.8379337	
      1.0000000	      0.0000000	      1.2430644	     -0.2901249	     -0.6215322	     -1.0676905	     -0.2704829	     -2.8519475	     -0.2988844	      0.2704829	      0.5097264	      1.3843980	      0.1559036	      0.0415758	      0.7408282	     -0.8017386	     -0.1365326	      0.8698394	      3.5880609	
      1.0000000	      0.0000000	      0.5048925	     -0.6570498	     -0.2524462	     -1.5328237	     -0.2488046	     -1.1394589	     -0.1541685	      0.2488046	      1.5618719	      0.7251624	     -0.0790191	     -0.1554329	     -0.8839867	     -0.8660678	      1.3636454	      0.7897707	      1.3856366	
      1.0000000	      0.0000000	     -0.2326341	     -1.0220889	      0.1163170	     -1.1860590	      0.1783295	      0.3286438	     -0.4105502	     -0.1783295	      1.9570400	     -0.3458037	     -0.5131278	      0.1814818	     -2.0440745	      0.5520407	      0.4798895	     -0.3988056	     -0.0379467	
      1.0000000	      0.0000000	     -0.9699044	     -1.3885759	      0.4849522	     -0.0247407	      1.0100894	     -0.2376097	     -1.1803988	     -1.0100894	      0.5086645	     -1.2267559	     -0.8488414	      1.3455607	     -0.8297025	      1.8234817	     -0.7041438	     -0.3984437	      1.4063481	
      1.0000000	      0.0000000	      2.7181571	      0.4422095	     -1.3590785	      2.3026245	      0.9014961	      0.1738683	     -1.3528932	     -0.9014961	      1.2102534	     -0.9434572	     -1.1819671	      0.8565230	      0.3368595	     -0.7037924	     -2.1703625	     -0.5369256	     -4.0679674	
      1.0000000	      0.0000000	      3.3009472	      0.5206616	     -1.6504736	      4.3324585	      1.2890073	      4.9274144	     -1.9901178	     -1.2890073	      2.8341057	     -4.0405674	     -2.0568998	      1.5768605	     -2.7821257	     -3.9135098	      3.6744545	      1.2785913	      1.1779842	
      1.0000000	      0.0000000	      2.5612266	      0.1525715	     -1.2806133	      1.7073920	      0.2930777	     -1.2937453	     -1.2286460	     -0.2930777	      0.2964754	     -0.3584960	     -0.3735434	      1.0053687	      0.7198154	     -0.0349713	     -3.2813749	     -0.3598757	     -3.2972515	
      1.0000000	      0.0000000	      1.8236599	     -0.2136729	     -0.9118299	     -0.0950317	     -0.2922500	     -3.0717089	     -0.6272337	      0.2922500	      0.0982986	      1.2192372	      0.2616046	      0.3166173	      1.3503339	     -0.5504145	     -2.3159630	      0.7417842	      1.5760763	
      1.0000000	      0.0000000	      1.0853665	     -0.5803218	     -0.5426832	     -1.0847834	     -0.4723964	     -2.2283466	     -0.2941677	      0.4723964	      1.0328053	      1.3084037	      0.1586431	     -0.1942305	      0.0299674	     -1.4092023	      0.0529910	      1.3925627	      2.1844325	
      1.0000000	      0.0000000	      0.3491601	     -0.9467077	     -0.1745801	     -1.2592325	     -0.2479144	     -0.5621127	     -0.3410431	      0.2479144	      1.9050694	      0.5130984	     -0.3809650	     -0.2320420	     -1.7944959	     -0.7876055	      0.6443149	      0.6087400	      0.2303807	
      1.0000000	      0.0000000	     -0.3898342	     -1.3115922	      0.1949171	     -0.6243109	      0.3834777	      0.1413538	     -0.8746063	     -0.3834777	      1.5289857	     -0.5699405	     -1.0534028	      0.4992636	     -2.1521697	      0.9477484	     -0.4035645	     -0.4101506	      0.5420390	
      1.0000000	      0.0000000	     -1.1350631	     -1.6815213	      0.5675315	      0.8453425	      1.4314746	     -1.9573128	     -2.0245159	     -1.4314746	     -1.3347747	     -1.3369998	     -1.5648555	      2.3156562	      1.5243926	      1.2003033	      0.3547983	      1.7884029	     -1.1100783	
      1.0000000	      0.0000000	      0.1907882	     -1.2353424	     -0.0953941	     -0.8349718	     -0.1767666	     -0.1330259	     -0.7137825	      0.1767666	      1.7870822	      0.2844461	     -0.9257475	     -0.2179332	     -2.3416667	     -0.4782462	     -0.1522190	      0.2547881	     -0.2088894	
      1.0000000	      0.0000000	      3.1398423	      0.2288414	     -1.5699211	      3.5847442	      0.5388945	      2.4350455	     -1.8439952	     -0.5388945	      1.0175035	     -3.0288563	     -0.8400298	      1.8113335	     -2.0099950	     -1.1884086	      0.1295975	      0.1051031	     -3.1360519	
      1.0000000	      0.0000000	      2.4026258	     -0.1370259	     -1.2013129	      1.2611756	     -0.2469165	     -1.9391756	     -1.0833293	      0.2469165	     -0.1847430	      0.1365828	      0.2953376	      0.8330050	      1.0700641	     -0.0929570	     -3.4344640	      0.3860421	     -2.2996705	
      1.0000000	      0.0000000	      1.6658406	     -0.5028531	     -0.8329203	     -0.2494025	     -0.6282548	     -2.6321511	     -0.5679992	      0.6282548	      0.3348348	      1.3430736	      0.4597102	     -0.0269981	      0.9595201	     -1.2909956	     -1.8005326	      1.5218244	      0.9670665	
      1.0000000	      0.0000000	      0.9304022	     -0.8686665	     -0.4652011	     -0.9471367	     -0.6061569	     -1.4360847	     -0.4081140	      0.6061569	      1.3865501	      1.1942531	     -0.0457550	     -0.4762107	     -0.8476921	     -1.7155162	     -0.0968485	      1.4436703	      0.4515721	
      1.0000000	      0.0000000	     -0.5462393	     -1.6015331	      0.2731197	      0.0915184	      0.6561152	     -0.5239821	     -1.5963652	     -0.6561152	      0.3384181	     -0.7786126	     -1.8746946	      1.0406036	     -0.9533147	      1.0997087	     -0.5194853	      0.2619020	      0.4004992	
      1.0000000	      0.0000000	      1.5076035	     -0.7932116	     -0.7538018	     -0.2496230	     -0.8968865	     -1.8149998	     -0.6133165	      0.8968865	      0.5284091	      1.4047592	      0.4265363	     -0.4972593	      0.3540809	     -1.8432243	     -1.4044406	      1.7976568	     -0.4405108	
      1.0000000	      0.0000000	      0.7717478	     -1.1593550	     -0.3858739	     -0.6568999	     -0.6710473	     -0.5869110	     -0.6960342	      0.6710473	      1.4018919	      1.0427095	     -0.5202073	     -0.7492540	     -1.5513021	     -1.6827629	     -0.4234743	      1.0143967	     -0.7856690	
      1.0000000	      0.0000000	      0.0343564	     -1.5251081	     -0.0171782	     -0.2548700	     -0.0392979	      0.0168131	     -1.3304709	      0.0392979	      1.0266418	      0.0515244	     -1.7729911	     -0.0599310	     -1.9037558	     -0.0809916	     -0.5966550	      0.0048304	     -0.0446779	
      1.0000000	      0.0000000	     -0.7117751	     -1.8946937	      0.3558876	      0.9773741	      1.0114470	     -1.8326647	     -2.6456270	     -1.0114470	     -1.8375350	     -0.9775121	     -3.0408854	      1.8938445	      2.5195110	      0.6997255	      0.9001289	      2.2193172	     -2.8645949	
      1.0000000	      0.0000000	      3.7237368	      0.3075092	     -1.8618684	      5.8706675	      0.8588126	      8.7197762	     -2.5890110	     -0.8588126	      2.3045430	     -7.3229289	     -1.5844567	      2.9630406	     -8.0375643	     -4.0752258	     10.3052950	      1.6619681	     11.4301205	
      1.0000000	      0.0000000	      2.9822783	     -0.0604799	     -1.4911392	      3.0056095	     -0.1352760	      1.0161541	     -1.6677049	      0.1352760	     -0.2222121	     -2.1576664	      0.2016047	      1.6495895	     -1.0501209	      0.2112725	     -1.5421344	      0.0389699	     -4.1848884	
      1.0000000	      0.0000000	      2.2446985	     -0.4266910	     -1.1223493	      0.9708016	     -0.7183444	     -1.8797115	     -0.9738830	      0.7183444	     -0.4100794	      0.5394732	      0.7673905	      0.4003826	      1.2145823	     -0.5022013	     -3.0438230	      1.1472763	     -2.0553217	
      1.0000000	      0.0000000	      2.8255498	     -0.3500168	     -1.4127749	      2.5827329	     -0.7417425	      0.5020074	     -1.5130302	      0.7417425	     -1.0886611	     -1.4012834	      1.0264746	      1.1502796	     -0.1317873	      0.8099276	     -1.9553677	      0.3480692	     -4.1639996	
      1.0000000	      0.0000000	      2.0865695	     -0.7169148	     -1.0432848	      0.8344722	     -1.1219195	     -1.2443988	     -0.9545088	      1.1219195	     -0.5586891	      0.8587421	      0.9862463	     -0.2365427	      1.1688931	     -0.9542896	     -2.3727348	      1.4913863	     -2.5114036	
      1.0000000	      0.0000000	      1.3492452	     -1.0829439	     -0.6746226	     -0.0964141	     -1.0958676	     -0.7531152	     -0.8176023	      1.0958676	      0.5001962	      1.4098052	      0.1042764	     -1.0332476	     -0.1864029	     -2.0656059	     -1.1059034	      1.4102298	     -1.6735592	
      1.0000000	      0.0000000	      0.6144530	     -1.4484341	     -0.3072265	     -0.2141557	     -0.6674960	      0.1772846	     -1.2103256	      0.6674960	      0.8963986	      0.8636824	     -1.3143070	     -0.9523247	     -1.5269961	     -1.3454907	     -0.6220502	      0.2310098	     -0.8790537	
      1.0000000	      0.0000000	     -0.1224937	     -1.8142747	      0.0612469	      0.4771346	      0.1666779	     -0.2380072	     -2.2422583	     -0.1666779	     -0.5494460	     -0.1832811	     -2.9757180	      0.3022847	      0.3170254	      0.2079521	     -0.0905782	      0.2487234	     -0.2016359	
      1.0000000	      0.0000000	      3.5639381	      0.0157094	     -1.7819691	      5.1448660	      0.0419904	      6.2849722	     -2.3815589	     -0.0419904	      0.1025270	     -5.9710712	     -0.0748237	      2.8285849	     -6.2281117	     -0.1653893	      5.9336386	      0.0542838	      3.8903351	
      1.0000000	      0.0000000	      4.1438456	      0.0946999	     -2.0719228	      7.6656699	      0.2943163	     14.3076553	     -3.2193296	     -0.2943163	      0.9363510	    -11.5731974	     -0.6093761	      4.4193697	    -15.8708668	     -1.9835842	     22.0713692	      0.9329004	     34.9515038	
      1.0000000	      0.0000000	      3.4045966	     -0.2735852	     -1.7022983	      4.5762305	     -0.6985855	      4.9673147	     -2.1810436	      0.6985855	     -1.5781237	     -4.7590113	      1.1789621	      2.2753539	     -4.2400227	      2.3101683	      3.7536917	     -0.6667630	      0.9325424	
      1.0000000	      0.0000000	      2.6682696	     -0.6404630	     -1.3341348	      2.3124549	     -1.2816960	      0.7608913	     -1.4334543	      1.2816960	     -1.7612348	     -0.7468906	      1.5785985	      0.3664449	      0.6857083	      1.0146118	     -1.5064387	      0.4483617	     -3.8215895	
      1.0000000	      0.0000000	      1.9316320	     -1.0056905	     -0.9658160	      0.8573613	     -1.4569679	     -0.1616374	     -1.0810387	      1.4569679	     -0.8144233	      1.0956205	      0.8985786	     -1.0148019	      1.1325892	     -1.2022231	     -1.5330558	      1.1067762	     -2.8861766	
      1.0000000	      0.0000000	      1.1939977	     -1.3713088	     -0.5969989	      0.2122831	     -1.2280047	      0.4242790	     -1.2343293	      1.2280047	      0.0689620	      1.3654467	     -0.5562474	     -1.5775862	     -0.1988365	     -1.8934699	     -0.7287023	      0.3338219	     -1.6653594	
      1.0000000	      0.0000000	      0.4555969	     -1.7384293	     -0.2277985	      0.3833597	     -0.5940173	      0.7339862	     -2.0090830	      0.5940173	     -0.3091151	      0.6597535	     -2.4915690	     -1.0267466	     -0.0584164	     -0.8030060	     -0.2286114	     -0.6673077	      0.3020073	
      1.0000000	      0.0000000	     -0.2894573	     -2.1079607	      0.1447287	      1.3797531	      0.4576235	     -1.0700274	     -3.5282297	     -0.4576235	     -3.1753001	     -0.4281229	     -4.6171288	      0.9631366	      5.4168096	      0.1119891	      2.1718142	      1.5745640	     -2.8620930	
      1.0000000	      0.0000000	      3.9860945	     -0.1971940	     -1.9930472	      6.9666982	     -0.5895256	     12.0247879	     -2.9820535	      0.5895256	     -1.7659904	     -9.8545713	      1.1711183	      3.8421774	    -12.5630808	      3.5153396	     17.0217285	     -1.5829967	     24.2500153	
      1.0000000	      0.0000000	      3.2492554	     -0.5630075	     -1.6246277	      4.1764174	     -1.3720164	      4.6613460	     -2.0464842	      1.3720164	     -2.9474699	     -3.7022510	      2.1397855	      1.3715780	     -2.2549767	      3.9276521	      3.2648611	     -1.2722999	      0.6987135	
      1.0000000	      0.0000000	      2.5115273	     -0.9290367	     -1.2557636	      2.1954522	     -1.7499758	      1.6578025	     -1.4834043	      1.7499758	     -2.4098620	     -0.1932428	      1.7966260	     -0.6356584	      1.5063674	      1.1578078	     -0.4410998	     -0.1168156	     -2.8553927	
      1.0000000	      0.0000000	      1.7728834	     -1.2954565	     -0.8864417	      1.0266583	     -1.7225200	      1.2338910	     -1.4046011	      1.7225200	     -1.3415027	      1.2662307	      0.4398911	     -1.8831762	      1.4708704	     -1.0973252	     -0.4717429	     -0.1836968	     -1.9436891	
      1.0000000	      0.0000000	      1.0364885	     -1.6608323	     -0.5182443	      0.6730714	     -1.2910752	      1.5966189	     -1.9193753	      1.2910752	     -0.9368676	      1.2763557	     -1.6214975	     -2.0746651	      0.9400291	     -1.3297050	      0.0666144	     -1.3490466	      0.4948089	
      1.0000000	      0.0000000	      0.2995822	     -2.0281746	     -0.1497911	      1.1356034	     -0.4557038	      0.9598299	     -3.1454084	      0.4557038	     -2.3948777	      0.4426515	     -4.1031799	     -0.9225665	      3.7623715	     -0.2351415	      1.3807819	     -1.3184497	      2.1132882	
      1.0000000	      0.0000000	      3.8342297	     -0.4902121	     -1.9171149	      6.4497218	     -1.4096894	     11.0174904	     -2.8006728	      1.4096894	     -4.0522385	     -8.3407125	      2.6436357	      2.8319674	     -9.0910988	      7.5962243	     14.7618885	     -3.5609632	     20.6305504	
      1.0000000	      0.0000000	      3.0969319	     -0.8559988	     -1.5484660	      3.9444809	     -1.9882276	      5.2515330	     -2.0335174	      1.9882276	     -4.2166286	     -2.7802608	      2.7650931	      0.1544943	     -0.1905205	      5.1792908	      4.1122718	     -2.4206035	      2.7755492	
      1.0000000	      0.0000000	      2.3588002	     -1.2220010	     -1.1794001	      2.2496800	     -2.1618421	      3.1287274	     -1.7275374	      2.1618421	     -3.2581480	      0.2571456	      1.6372781	     -1.8215094	      2.6550796	      1.5605618	      1.2306073	     -1.7448620	     -0.0798969	
      1.0000000	      0.0000000	      1.6206006	     -1.5876061	     -0.8103003	      1.3676895	     -1.9296565	      2.8613639	     -1.9930212	      1.9296565	     -2.3659344	      1.3668363	     -0.4371738	     -2.7975183	      2.7934859	     -0.4980882	      1.0529580	     -2.4991612	      1.7791654	
      1.0000000	      0.0000000	      0.8833168	     -1.9535342	     -0.4416584	      1.3011118	     -1.2941922	      2.6649995	     -2.9420209	      1.2941922	     -2.7378440	      1.1526735	     -3.1560416	     -2.4851732	      4.1264825	     -0.4297986	      1.8085843	     -3.4756784	      5.3753605	
      1.0000000	      0.0000000	      3.6765995	     -0.7821937	     -1.8382998	      6.0623984	     -2.1568596	     10.9811182	     -2.7139721	      2.1568596	     -6.0618954	     -6.9096026	      3.7256708	      1.4190435	     -5.3135209	     10.6941862	     14.4252043	     -5.7198944	     21.8167305	
      1.0000000	      0.0000000	      2.9400425	     -1.1468152	     -1.4700212	      3.8485544	     -2.5287640	      6.5099049	     -2.1863246	      2.5287640	     -5.5025024	     -1.9432577	      2.9631999	     -1.3116946	      2.1913118	      6.3178482	      5.9375944	     -4.5355387	      7.6019111	
      1.0000000	      0.0000000	      2.2011430	     -1.5134034	     -1.1005715	      2.4431221	     -2.4984131	      4.9580116	     -2.2082996	      2.4984131	     -4.4254379	      0.6355632	      1.0165403	     -3.1145689	      4.5899301	      2.3405192	      3.4944646	     -4.5872846	      6.0047679	
      0.0000000	      1.0000000	      3.4068513	     -0.9939350	      1.7034256	     -2.5396416	      5.2696629	      9.6562042	     -2.5396416	      1.4353142	     -6.6522913	      4.7752438	     -3.8351331	     -0.0528585	    -10.3551416	      1.1246287	     -6.3049383	     11.5922823	     17.6972637	
      0.0000000	      1.0000000	      2.6766787	     -1.3629204	      1.3383393	     -2.7360749	      3.4232564	      6.6195769	     -2.7360749	     -0.0497999	     -5.7665277	      0.7793208	     -2.3959489	     -2.5304677	     -5.5428514	     -4.2612123	     -5.6942472	      5.9660869	      9.6271372	
      0.0000000	      1.0000000	      1.9425865	     -1.7318853	      0.9712933	     -2.5232527	      2.3722439	      5.6611943	     -2.5232527	     -1.5420121	     -4.9006443	     -1.0812230	      0.1465131	     -3.9118204	     -2.1650741	     -6.1812363	     -6.4882812	      4.5265398	     10.8345957	
      0.0000000	      1.0000000	      2.0968506	     -1.4407998	      1.0484253	     -2.2658565	      2.0301182	      3.6960132	     -2.2658565	     -0.7325314	     -3.4197257	     -0.8404269	     -0.8801002	     -2.6884334	     -1.0828738	     -3.5004768	     -2.9271083	      1.9054531	      2.2837045	
      0.0000000	      1.0000000	      1.3656818	     -1.8093003	      0.6828409	     -1.8531964	      1.5042870	      3.5641000	     -1.8531964	     -2.1054718	     -3.0258424	     -1.4117439	      1.6959952	     -3.1937940	      0.1970834	     -4.1468368	     -4.1383085	      2.0838034	      5.7026792	
      0.0000000	      1.0000000	      3.5643213	     -0.7037656	      1.7821606	     -1.8813349	      5.5176816	      8.9360161	     -1.8813349	      2.0106080	     -4.9429507	      5.9741464	     -3.1785586	      1.5061383	     -8.1894131	      4.5399323	     -3.9864941	     10.5053425	     13.3228951	
      0.0000000	      1.0000000	      2.8297174	     -1.0711950	      1.4148587	     -2.2733843	      3.3647006	      4.8782229	     -2.2733843	      0.6407748	     -4.4486022	      1.4200233	     -2.6019416	     -1.0190881	     -4.4576030	     -1.8429542	     -2.8390172	      3.5007298	      2.7635026	
      0.0000000	      1.0000000	      2.2482197	     -1.1488452	      1.1241099	     -1.9371424	      1.8330357	      1.9676473	     -1.9371424	     -0.0421667	     -2.4248838	     -0.5314274	     -1.4194119	     -1.5152512	     -0.5015814	     -2.0966394	     -0.5923402	      0.0006247	     -1.9372549	
      0.0000000	      1.0000000	      1.5161889	     -1.5166992	      0.7580944	     -1.7247018	      1.0183735	      1.9901880	     -1.7247018	     -1.2942519	     -1.5538552	     -1.4029187	      0.4370027	     -2.3980126	      1.1145915	     -1.7467455	     -1.3656293	      0.2236502	     -0.0973071	
      0.0000000	      1.0000000	      0.7833488	     -1.8869236	      0.3916744	     -1.1085895	      1.0155302	      2.0138597	     -1.1085895	     -2.5553038	     -1.9259961	     -1.0548506	      2.9249711	     -2.0617805	      0.7199300	     -2.6508625	     -2.4276063	      0.9828463	      3.1393926	
      0.0000000	      1.0000000	      3.7135217	     -0.4112788	      1.8567609	     -1.1454695	      5.8838749	      9.0055380	     -1.1454695	      2.4588079	     -3.0894575	      7.2323098	     -2.0920789	      2.7295408	     -5.4522753	      7.6158962	     -2.3228426	     10.8119555	     12.6289091	
      0.0000000	      1.0000000	      2.9795372	     -0.7799340	      1.4897686	     -1.7428818	      3.4498966	      3.6992784	     -1.7428818	      1.2083352	     -3.3276107	      2.1435106	     -2.3592749	      0.2938714	     -3.5823898	     -0.0150671	     -1.2424062	      1.8874804	     -0.6419050	
      0.0000000	      1.0000000	      2.4010963	     -0.8590459	      1.2005482	     -1.5469890	      1.7964307	      0.6456874	     -1.5469890	      0.5275171	     -1.7712731	     -0.1409061	     -1.5402640	     -0.4637498	     -0.3376400	     -1.3690044	      0.5690967	     -1.3648840	     -3.4569495	
      0.0000000	      1.0000000	      1.6676643	     -1.2273575	      0.8338321	     -1.5351152	      0.6941760	      0.5045080	     -1.5351152	     -0.6083478	     -0.7268836	     -1.3420094	     -0.3555788	     -1.5942634	      1.5450492	     -0.9025298	      0.5074004	     -0.9201324	     -2.3743083	
      0.0000000	      1.0000000	      0.9371687	     -1.5951173	      0.4685843	     -1.1211705	      0.4023348	      1.0739539	     -1.1211705	     -1.7436210	     -0.3239892	     -1.1999776	      1.5039448	     -1.7369546	      1.4919853	     -0.0670496	     -0.6801218	     -0.3174097	     -0.3801665	
      0.0000000	      1.0000000	      0.2017567	     -1.9645534	      0.1008784	     -0.2972714	      0.9174994	      0.5658206	     -0.2972714	     -2.8869700	     -1.7484510	     -0.3005819	      3.7610791	     -0.5834922	      0.2254310	     -2.4901383	     -0.7281396	      0.7873021	      1.0197203	
      0.0000000	      1.0000000	      3.8667083	     -0.1202066	      1.9333541	     -0.3486028	      6.4210181	     10.1634951	     -0.3486028	      2.7925565	     -0.9890627	      8.6531448	     -0.6731043	      3.5713975	     -1.8673562	     10.5589085	     -0.7856972	     13.1797981	     16.4619026	
      0.0000000	      1.0000000	      3.1324141	     -0.4893803	      1.5662071	     -1.1497062	      3.6988800	      3.2537837	     -1.1497062	      1.6601336	     -2.2504184	      2.9852049	     -1.7420764	      1.3583130	     -2.6812172	      1.6060969	     -0.5604771	      1.2472165	     -1.8820745	
      0.0000000	      1.0000000	      3.2860184	     -0.1988536	      1.6430092	     -0.4900773	      4.1034851	      3.6426594	     -0.4900773	      1.9949523	     -1.0217057	      3.9415107	     -0.8012700	      2.1201808	     -1.3632238	      3.2048092	     -0.2769116	      1.7597915	     -1.5640211	
      0.0000000	      1.0000000	      2.5561416	     -0.5679737	      1.2780708	     -1.0888660	      1.9172418	     -0.1684785	     -1.0888660	      0.9831531	     -1.2625995	      0.3411554	     -1.3000354	      0.4253947	     -0.3838154	     -0.8491247	      0.8056535	     -2.2897274	     -3.8249586	
      0.0000000	      1.0000000	      1.8198543	     -0.9367971	      0.9099271	     -1.2786256	      0.5211182	     -0.8037673	     -1.2786256	     -0.0372160	     -0.3386436	     -1.2230015	     -0.7523949	     -0.8211178	      1.5327622	     -0.8644251	      1.4798895	     -1.7360345	     -2.4339509	
      0.0000000	      1.0000000	      1.0887657	     -1.3052436	      0.5443829	     -1.0658284	     -0.0554607	      0.0000222	     -1.0658284	     -1.0554811	      0.5316009	     -1.3104899	      0.5316275	     -1.3105010	      1.9604856	      0.6914359	      0.7105281	     -0.7963494	     -1.6331486	
      0.0000000	      1.0000000	      0.3559398	     -1.6741685	      0.1779699	     -0.4469274	      0.1733949	      0.4455548	     -0.4469274	     -2.0783751	      0.1709997	     -0.5226359	      2.2666736	     -0.7454133	      0.7084321	      0.7836965	     -0.3236599	     -0.4475927	     -0.0691330	
      0.0000000	      1.0000000	      4.0202856	      0.1710204	      2.0101428	      0.5156633	      7.1134529	     12.4825172	      0.5156633	      3.0085695	      1.5650542	     10.2142353	      1.0340557	      3.9729769	      3.1589832	     13.2543402	      1.4351957	     18.0119267	     26.2668686	
      0.0000000	      1.0000000	      1.2404168	     -1.0157336	      0.6202084	     -0.9449497	     -0.3607325	     -1.0859107	     -0.9449497	     -0.4852922	      0.8271220	     -1.3834884	     -0.0620921	     -0.8405330	      2.0586596	      0.4303433	      1.5491298	     -0.9411998	     -1.0684168	
      0.0000000	      1.0000000	      0.5107558	     -1.3839381	      0.2553779	     -0.5301408	     -0.4167963	     -0.0149377	     -0.5301408	     -1.3875500	      1.2304064	     -0.7328233	      1.1899314	     -0.7253545	      1.1879846	      1.8835928	      0.3706546	     -0.5584105	     -0.7657697	
      0.0000000	      1.0000000	     -0.2239421	     -1.7532597	     -0.1119711	      0.2944715	      0.3336490	     -0.3649552	      0.2944715	     -2.2960365	     -0.1955445	      0.3331055	      2.6617172	      0.5155832	     -0.4143381	      0.2537107	      0.3369034	     -0.2839694	     -0.1597220	
      0.0000000	      1.0000000	      3.4396625	      0.0907639	      1.7198312	      0.2341480	      4.6612725	      4.9843678	      0.2341480	      2.2121861	      0.5338459	      5.0144067	      0.4023211	      2.5222230	      0.7964341	      4.7753420	      0.2209020	      3.7860034	      0.8594890	
      0.0000000	      1.0000000	      2.7089913	     -0.2778646	      1.3544956	     -0.5645496	      2.1858881	     -0.3581266	     -0.5645496	      1.3180873	     -0.7172196	      0.9065868	     -0.7539531	      1.0856501	     -0.3675143	     -0.2842039	      0.4592919	     -2.6899714	     -4.0240335	
      0.0000000	      1.0000000	      1.9737947	     -0.6474085	      0.9868973	     -0.9583887	      0.5057777	     -1.7968316	     -0.9583887	      0.4161214	     -0.2207902	     -1.0382824	     -0.8101546	     -0.1398666	      1.1652113	     -1.1124026	      1.6083292	     -2.4180572	     -1.5975802	
      0.0000000	      1.0000000	      2.1266854	     -0.3566056	      1.0633427	     -0.5687910	      0.6394455	     -2.3674307	     -0.5687910	      0.7526476	     -0.1851713	     -0.7853898	     -0.5821455	      0.3983255	      0.6070608	     -1.2977332	      1.0827266	     -3.0132279	     -0.9938374	
      0.0000000	      1.0000000	      1.3950441	     -0.7260692	      0.6975220	     -0.7596738	     -0.5099095	     -2.0638700	     -0.7596738	     -0.0304796	      0.7356624	     -1.4138255	     -0.3385060	     -0.3818906	      1.7809367	     -0.2496751	      1.7552094	     -1.0850803	      0.4518929	
      0.0000000	      1.0000000	      0.6619223	     -1.0936468	      0.3309611	     -0.5429319	     -0.8564982	     -0.6894597	     -0.5429319	     -0.8148960	      1.6134909	     -0.9203796	      0.4743460	     -0.5756497	      1.4819013	      1.6915281	      0.9903091	     -0.1511173	     -0.3944311	
      0.0000000	      1.0000000	     -0.0681023	     -1.4631374	     -0.0340511	      0.0747322	     -0.3918129	     -0.0144987	      0.0747322	     -1.6047087	      1.2520806	      0.1020744	      1.5635763	      0.1093238	     -0.1653918	      2.1177135	     -0.0321435	     -0.5591232	      0.0995811	
      0.0000000	      1.0000000	     -0.8113008	     -1.8358188	     -0.4056504	      1.1170509	      0.8979154	     -1.8677557	      1.1170509	     -2.4042587	     -1.5859404	      1.0834498	      2.6404340	      2.0173275	     -0.8714046	     -2.0290427	      2.1126835	      0.6716601	     -2.3662980	
      0.0000000	      1.0000000	      3.5937655	      0.3817822	      1.7968827	      1.0290267	      5.3740902	      7.4096899	      1.0290267	      2.3122725	      2.6083820	      6.2128572	      1.8212166	      2.5080123	      4.3151555	      6.1377501	      1.6713886	      7.8600860	      7.3405447	
      0.0000000	      1.0000000	      2.8608718	      0.0126757	      1.4304359	      0.0271976	      2.6039510	      0.1987198	      0.0271976	      1.5344896	      0.0397839	      1.5624561	      0.0389034	      1.4630963	      0.0303390	      0.4031702	     -0.0160326	     -2.3310804	     -4.2798047	
      0.0000000	      1.0000000	      2.2796972	     -0.0643011	      1.1398486	     -0.1099402	      0.9264243	     -2.3820918	     -0.1099402	      0.9713401	     -0.0579931	     -0.4576382	     -0.1251823	      0.7334076	      0.0822812	     -1.2578504	      0.2009360	     -3.4103446	     -1.3453079	
      0.0000000	      1.0000000	      1.5463859	     -0.4347206	      0.7731929	     -0.5041844	     -0.5131520	     -2.8140914	     -0.5041844	      0.3066340	      0.4423439	     -1.3951070	     -0.3487546	      0.0119386	      1.1837980	     -0.9134193	      1.3555758	     -1.3845335	      1.9479580	
      0.0000000	      1.0000000	      0.8155126	     -0.8041505	      0.4077563	     -0.4918461	     -1.1409098	     -1.4521142	     -0.4918461	     -0.3602946	      1.4913343	     -1.0876775	      0.0594518	     -0.3616205	      1.4978954	      0.8907472	      1.3009959	      0.3145689	      0.9314449	
      0.0000000	      1.0000000	      0.0856096	     -1.1722066	      0.0428048	     -0.0752641	     -0.9653261	     -0.0801433	     -0.0752641	     -1.0291771	      1.8994845	     -0.1282575	      0.8021244	     -0.0881858	      0.2145299	      2.3419333	      0.1284631	      0.0507962	     -0.0658926	
      0.0000000	      1.0000000	     -0.6503147	     -1.5420200	     -0.3251573	      0.7520987	      0.0212556	     -0.4716923	      0.7520987	     -1.7040737	      0.4703046	      0.9067160	      1.5887768	      1.1425622	     -1.3193017	      1.0617079	      0.1047333	     -0.5735523	      0.6903619	
      0.0000000	      1.0000000	      3.0123613	      0.3031151	      1.5061806	      0.6848192	      3.1732144	      1.6287488	      0.6848192	      1.6325260	      1.1814274	      2.3152411	      1.0175365	      1.5008667	      1.1970749	      1.1125046	     -0.0451308	     -0.8232781	     -3.7846706	
      0.0000000	      1.0000000	      0.2400215	     -0.8826227	      0.1200108	     -0.1588863	     -1.3833270	     -0.4344058	     -0.1588863	     -0.5734652	      1.9221487	     -0.3565753	      0.3247236	     -0.1393725	      0.5266777	      1.7042007	      0.4254379	      0.9553291	      0.2951464	
      0.0000000	      1.0000000	     -0.4959291	     -1.2509277	     -0.2479645	      0.4652786	     -0.6880405	      0.2779882	      0.4652786	     -1.1275003	      1.5645611	      0.7134007	      0.8633658	      0.5744066	     -1.1828625	      2.0398841	     -0.5999717	     -0.3448031	      0.6140407	
      0.0000000	      1.0000000	     -1.2355717	     -1.6241885	     -0.6177859	      1.5051011	      0.8372249	     -1.8897721	      1.5051011	     -1.6922468	     -1.2716854	      1.3817900	      1.2124650	      2.3266761	     -1.2756151	     -1.4152340	      1.5543877	      0.2312131	     -0.5552698	
      0.0000000	      1.0000000	      3.1694269	      0.5942139	      1.5847135	      1.4124881	      3.9152803	      4.1095119	      1.4124881	      1.6186700	      2.9039474	      3.2052946	      2.1334834	      1.1505387	      3.6336734	      1.6000745	      1.0932821	      2.4504783	     -0.3137774	
      0.0000000	      1.0000000	      2.4332330	      0.2233770	      1.2166165	      0.4076462	      1.3677734	     -1.7152357	      0.4076462	      1.0726938	      0.3329132	     -0.0482857	      0.4903762	      0.8093321	     -0.1051848	     -1.0083687	     -0.5910510	     -3.3461378	     -2.6422622	
      0.0000000	      1.0000000	      1.7000840	     -0.1449549	      0.8500420	     -0.1848266	     -0.3584554	     -3.2040207	     -0.1848266	      0.5261696	      0.1175981	     -1.3216939	     -0.1555875	      0.2803165	      0.4021941	     -1.3177637	      0.5102499	     -1.8773756	      2.4818556	
      0.0000000	      1.0000000	      0.9685374	     -0.5142770	      0.4842687	     -0.3735724	     -1.2739780	     -2.1806662	     -0.3735724	     -0.0224735	      1.0449958	     -1.2256684	     -0.1129012	     -0.1353353	      1.1929321	     -0.0060470	      1.1836038	      0.5440928	      2.6386769	
      0.0000000	      1.0000000	      1.1209025	     -0.2234942	      0.5604513	     -0.1878864	     -1.2558001	     -2.7506018	     -0.1878864	      0.1981170	      0.4487169	     -1.3292720	     -0.0997195	      0.0460289	      0.5961846	     -0.6700647	      0.6375440	      0.3919151	      3.9434369	
      0.0000000	      1.0000000	      0.3902446	     -0.5931936	      0.1951223	     -0.1736179	     -1.6504275	     -0.9424691	     -0.1736179	     -0.2353545	      1.5030951	     -0.5705092	      0.0704893	     -0.0992746	      0.6270361	      0.8024834	      0.5816342	      1.7338648	      1.3114096	
      0.0000000	      1.0000000	     -0.3422713	     -0.9609801	     -0.1711356	      0.2466869	     -1.2414913	      0.5376551	      0.2466869	     -0.6706464	      1.9110579	      0.5033827	      0.4015073	      0.2345551	     -0.7788430	      1.8336951	     -0.5950211	      0.6030825	     -0.1904037	
      0.0000000	      1.0000000	     -1.0734409	     -1.3303831	     -0.5367205	      1.0710657	     -0.0244058	     -0.0933699	      1.0710657	     -1.1113877	      0.4867531	      1.3009365	      0.6024723	      1.3476214	     -1.9331615	      0.6824027	     -0.6105290	     -0.7731999	      1.6033934	
      0.0000000	      1.0000000	      2.5877802	      0.5145502	      1.2938901	      0.9986572	      1.9654126	     -0.2371174	      0.9986572	      1.0570422	      1.1768879	      0.4506662	      1.2240360	      0.5692249	      0.4054688	     -0.7456341	     -0.7674454	     -2.3969462	     -3.8635645	
      0.0000000	      1.0000000	      1.8539845	      0.1452888	      0.9269922	      0.2020224	     -0.0507105	     -3.1135163	      0.2020224	      0.6286544	     -0.0582532	     -1.1878208	      0.1857397	      0.3689374	     -0.3705338	     -1.3952622	     -0.5116474	     -2.4212902	      1.5762982	
      0.0000000	      1.0000000	      2.0080061	      0.4353239	      1.0040030	      0.6555997	      0.4101799	     -2.4170501	      0.6555997	      0.6138864	      0.0929735	     -0.9878946	      0.6169757	      0.2206304	     -0.8667175	     -1.2597202	     -1.3138994	     -2.7265830	     -0.5874934	
      0.0000000	      1.0000000	      1.2743589	      0.0676183	      0.6371794	      0.0646275	     -1.0830761	     -3.0382566	      0.0646275	      0.3010691	     -0.1201871	     -1.3941516	      0.0410247	      0.1249767	     -0.1926672	     -0.9502231	     -0.2142864	     -0.1456146	      4.1248326	
      0.0000000	      1.0000000	     -0.1887343	     -0.6704870	     -0.0943671	      0.0949079	     -1.6427988	      0.4364128	      0.0949079	     -0.3304857	      1.6921293	      0.2814207	      0.1417535	      0.0632143	     -0.3419636	      1.1250939	     -0.3071128	      1.7127666	     -0.5578343	
      0.0000000	      1.0000000	     -0.9228945	     -1.0406170	     -0.4614472	      0.7202848	     -0.7087367	      0.9748296	      0.7202848	     -0.6524626	      1.3302369	      1.1878265	      0.2310602	      0.7004117	     -1.8477198	      1.1490062	     -1.3255433	     -0.4257817	      0.5262691	
      0.0000000	      1.0000000	     -1.6611760	     -1.4122956	     -0.8305880	      1.7595536	      1.0481560	     -1.7055008	      1.7595536	     -0.9785268	     -1.5029763	      1.3457578	     -0.0529967	      2.1985083	     -1.0788879	     -1.6519752	      0.8341903	     -0.0588309	      1.0325904	
      0.0000000	      1.0000000	      2.7427049	      0.8056558	      1.3713524	      1.6572572	      2.7181778	      2.1791701	      1.6572572	      0.9236446	      2.6513360	      1.0438941	      2.0112154	     -0.0456911	      2.0590091	     -0.8522348	      0.3582129	      0.0202464	     -2.6712046	
      0.0000000	      1.0000000	      2.1622968	      0.7252108	      1.0811484	      1.1760907	      1.0244322	     -0.9898589	      1.1760907	      0.4822133	      0.7488354	     -0.7159758	      1.0808233	     -0.2210463	     -0.7521334	     -1.2060068	     -1.3822740	     -2.3498962	     -2.8658295	
      0.0000000	      1.0000000	      1.4275984	      0.3556466	      0.7137992	      0.3807904	     -0.7587408	     -2.9208796	      0.3807904	      0.2872686	     -0.4783403	     -1.4140229	      0.2493160	      0.0464169	     -0.9979842	     -0.8792827	     -1.1195276	     -0.9021201	      2.8387251	
      0.0000000	      1.0000000	     -0.7675795	     -0.7499624	     -0.3837897	      0.4317418	     -1.2467545	      1.4855678	      0.4317418	     -0.3113618	      1.4966794	      1.0383090	      0.0452077	      0.2955250	     -1.3656255	      0.8274410	     -1.2162611	      0.5631997	     -1.2445951	
      0.0000000	      1.0000000	     -1.5019140	     -1.1186177	     -0.7509570	      1.2600507	      0.2073361	      0.4162362	      1.2600507	     -0.5155268	      0.0636328	      1.4058870	     -0.2463777	      1.1977689	     -1.9498079	     -0.2319914	     -1.2280414	     -1.2107022	      2.1567423	
      0.0000000	      1.0000000	     -1.3495624	     -0.8285015	     -0.6747812	      0.8385858	     -0.4606972	      1.7374043	      0.8385858	     -0.1733138	      0.7850849	      1.4098479	     -0.2815142	      0.5411456	     -1.9200795	     -0.0105386	     -1.7585922	     -1.0427983	      0.1604222	
      0.0000000	      1.0000000	     -2.0875485	     -1.2012038	     -1.0437742	      1.8806784	      1.5334635	     -1.6669762	      1.8806784	     -0.2650695	     -2.0556016	      0.8570124	     -1.0964009	      1.6905005	     -0.1390375	     -1.9844109	      0.4148629	     -0.2285602	      2.0220432	
      0.0000000	      1.0000000	      2.3167496	      1.0166330	      1.1583748	      1.7664632	      1.7942793	      1.3044744	      1.7664632	      0.2312171	      2.0932872	     -0.3664353	      1.5208595	     -1.0186725	      0.3813193	     -1.7133399	     -0.0724990	     -0.6822280	     -2.8630407	
      0.0000000	      1.0000000	      1.5811622	      0.6463685	      0.7905811	      0.7665101	     -0.2803642	     -2.2702072	      0.7665101	      0.1554197	     -0.4570810	     -1.3834877	      0.4709645	     -0.2483841	     -1.6014646	     -0.6645468	     -1.7338321	     -1.5694443	      0.3445292	
      0.0000000	      1.0000000	      0.8494402	      0.2765684	      0.4247201	      0.1761962	     -1.5367614	     -2.2210176	      0.1761962	      0.0779228	     -0.6588823	     -1.1209321	      0.0642567	     -0.0104233	     -0.6140950	     -0.2922042	     -0.6293503	      1.3041300	      3.5652230	
      0.0000000	      1.0000000	      1.0017785	      0.5674993	      0.5008892	      0.4263814	     -1.1939559	     -2.1443887	      0.4263814	     -0.0533741	     -1.0925919	     -1.2513314	      0.1221868	     -0.1791371	     -1.3236566	      0.0631109	     -1.2983702	      0.3403558	      2.3225319	
      0.0000000	      1.0000000	     -1.1948812	     -0.5387291	     -0.5974406	      0.4827879	     -0.9792239	      2.4247169	      0.4827879	      0.0500297	      0.8829582	      1.3658266	     -0.2102597	      0.1534681	     -1.3835757	     -0.2742571	     -1.4104133	     -0.2438516	     -2.3079829	
      0.0000000	      1.0000000	     -1.9278823	     -0.9066100	     -0.9639412	      1.3108780	      0.7071170	      0.7197047	      1.3108780	      0.0804306	     -0.5525692	      1.1004689	     -0.8910190	      0.7406165	     -1.3005118	     -1.0380559	     -1.4176615	     -1.8441602	      2.6679273	
      0.0000000	      1.0000000	      1.7358838	      0.9362285	      0.8679419	      1.2188879	      0.3523700	     -0.9638139	      1.2188879	     -0.0924005	      0.1277890	     -1.2961442	      0.6476107	     -0.8142373	     -1.6896902	     -0.7020347	     -1.5645504	     -1.6797255	     -2.1578774	
      0.0000000	      1.0000000	      1.1567427	      0.8575745	      0.5783713	      0.7439948	     -0.6957693	     -1.6137472	      0.7439948	     -0.3006905	     -1.0814235	     -1.3481681	      0.1149605	     -0.5412945	     -1.8978226	      0.4092716	     -1.6492536	     -0.6066512	      0.1409730	
      0.0000000	      1.0000000	      0.4240649	      0.4883199	      0.2120325	      0.1553095	     -1.7200028	     -1.0919158	      0.1553095	     -0.1451239	     -1.2826555	     -0.6170324	     -0.0252908	     -0.0710745	     -0.5729200	      0.5102454	     -0.5478765	      1.9620674	      1.7068617	
      0.0000000	      1.0000000	     -1.7734566	     -0.6175448	     -0.8867283	      0.8213916	      0.0551670	      2.2142086	      0.8213916	      0.3036941	      0.1604241	      1.2657390	     -0.6105973	      0.1586346	     -1.4099032	     -0.9473488	     -1.6870719	     -2.0732737	      0.3564353	
      0.0000000	      1.0000000	     -2.5129650	     -0.9907519	     -1.2564825	      1.8672936	      2.2883756	     -2.1121631	      1.8672936	      0.4478692	     -2.6926992	     -0.1978915	     -1.8599660	      0.8581900	      1.4282215	     -1.7059822	      0.4989956	      0.0488993	      2.2900419	
      0.0000000	      1.0000000	      1.8907410	      1.2281085	      0.9453705	      1.7415264	      1.1420701	      1.1400485	      1.7415264	     -0.4608939	      1.4607450	     -1.1463083	      0.7202399	     -1.7163326	     -0.8861079	     -1.5684571	      0.0057352	     -0.5955827	     -2.2632713	
      0.0000000	      1.0000000	     -1.6199067	     -0.3270450	     -0.8099533	      0.3973368	     -0.4437263	      3.0057786	      0.3973368	      0.4117995	      0.3025063	      1.3671618	     -0.3043341	     -0.1357276	     -0.9022751	     -1.1170367	     -1.0840786	     -1.6099173	     -2.2178895	
      0.0000000	      1.0000000	     -2.3504026	     -0.6962324	     -1.1752013	      1.2273198	      1.4710253	      0.4730034	      1.2273198	      0.6722689	     -1.1334898	      0.2794674	     -1.2736021	      0.0429656	     -0.1758813	     -1.1842614	     -1.0926468	     -2.2659957	      3.4462798	
      0.0000000	      1.0000000	      1.3094310	      1.1476704	      0.6547155	      1.1270963	     -0.0476717	     -0.4992867	      1.1270963	     -0.6663712	     -0.4555053	     -1.4028558	     -0.0178981	     -1.1532124	     -2.0634274	      0.2675140	     -1.2289113	     -1.0335749	     -1.8054979	
      0.0000000	      1.0000000	      0.5775610	      0.7775941	      0.2887805	      0.3368310	     -1.3588736	     -1.1365995	      0.3368310	     -0.3909438	     -1.6680676	     -0.8181763	     -0.1378169	     -0.2498765	     -1.1073782	      1.1373413	     -0.9610649	      0.8748226	      0.9976154	
      0.0000000	      1.0000000	     -1.4658178	     -0.0378112	     -0.7329089	      0.0415683	     -0.7903280	      3.2132518	      0.0415683	      0.4017943	      0.0524481	      1.4113547	     -0.0304387	     -0.1952713	     -0.1104020	     -1.1577817	     -0.1289597	     -0.9341321	     -3.6711407	
      0.0000000	      1.0000000	     -2.1970143	     -0.4061907	     -1.0985072	      0.6693050	      0.8388586	      2.0705471	      0.6693050	      0.7812954	     -0.3189185	      0.6443447	     -0.7017275	     -0.3909287	     -0.5660397	     -1.2487468	     -1.1470674	     -3.0412793	      1.6693885	
      0.0000000	      1.0000000	     -2.9368315	     -0.7790003	     -1.4684157	      1.7158445	      3.3066819	     -3.3615839	      1.7158445	      1.1620524	     -3.1748750	     -1.9272803	     -2.2832081	     -0.2464884	      3.2537787	     -0.1822115	      1.0383328	      1.4396522	      1.1987740	
      0.0000000	      1.0000000	      1.4653250	      1.4395034	      0.7326625	      1.5820053	      0.7619148	      1.3384963	      1.5820053	     -1.1515318	      0.9825376	     -1.4114094	     -0.3323721	     -2.0806575	     -1.4731723	     -1.0547793	      0.5509715	     -0.2922813	     -1.1791166	
      0.0000000	      1.0000000	      0.7320145	      1.0706594	      0.3660072	      0.5878037	     -0.8388534	     -0.7902761	      0.5878037	     -0.7592627	     -1.5543882	     -0.9999601	     -0.3985142	     -0.6048221	     -1.5928521	      1.5452600	     -1.0969661	     -0.1913822	     -0.3870428	
      0.0000000	      1.0000000	      0.0004400	      0.6998695	      0.0002200	      0.0002310	     -1.6326369	     -0.0009968	      0.0002310	     -0.3673629	     -1.7568002	     -0.0006601	     -0.1714040	     -0.0001617	     -0.0008296	      1.2445257	     -0.0007354	      1.6804985	      0.0012217	
      0.0000000	      1.0000000	      0.1499365	      0.9908073	      0.0749683	      0.1114187	     -1.2510802	     -0.2277567	      0.1114187	     -0.7320591	     -1.9830415	     -0.2240621	     -0.4779845	     -0.1101837	     -0.3529595	      2.0144410	     -0.2623316	      0.6274427	      0.0634013	
      0.0000000	      1.0000000	     -0.5802497	      0.6215322	     -0.2901249	     -0.2704829	     -1.5208853	      1.3312600	     -0.2704829	     -0.2265974	     -1.4675497	      0.8215336	     -0.0415758	      0.1559036	      0.9379402	      0.7165897	      0.8698394	      1.3208853	     -1.6748701	
      0.0000000	      1.0000000	     -1.3140996	      0.2524462	     -0.6570498	     -0.2488046	     -0.9808457	      2.9657054	     -0.2488046	      0.2759890	     -0.4142965	      1.4038336	      0.1554329	     -0.0790191	      0.7134737	     -0.8681353	      0.7897707	     -0.3884766	     -3.6064401	
      0.0000000	      1.0000000	     -2.0441778	     -0.1163170	     -1.0220889	      0.1783295	      0.3606451	      2.8878243	      0.1783295	      0.7733520	     -0.0171599	      0.9307843	     -0.1814818	     -0.5131278	     -0.2455707	     -1.4148834	     -0.3988056	     -2.9790683	     -0.3334412	
      0.0000000	      1.0000000	     -2.7771518	     -0.4849522	     -1.3885759	      1.0100894	      2.5147059	     -0.6803538	      1.0100894	      1.2697233	     -1.4643655	     -1.1890182	     -1.3455607	     -0.8488414	      1.0265942	     -0.1720173	     -0.3984437	     -1.7058636	      4.0268321	
      0.0000000	      1.0000000	      0.8844190	      1.3590785	      0.4422095	      0.9014961	     -0.1746934	      0.0565723	      0.9014961	     -1.2386589	     -0.7695889	     -1.1536810	     -0.8565230	     -1.1819671	     -1.7776436	      1.1386158	     -0.5369256	     -0.6948872	     -1.3236129	
      0.0000000	      1.0000000	      1.0413232	      1.6504736	      0.5206616	      1.2890073	      0.6529964	      1.5544116	      1.2890073	     -1.8397310	      0.8868466	     -1.2796941	     -1.5768605	     -2.0568998	     -1.3563273	     -0.8676035	      1.2785913	      0.0247252	      0.3716092	
      0.0000000	      1.0000000	      0.3051431	      1.2806133	      0.1525715	      0.2930777	     -0.7176465	     -0.1541361	      0.2930777	     -1.2125193	     -1.6522413	     -0.4506115	     -1.0053687	     -0.3735434	     -0.7547228	      2.2579358	     -0.3598757	     -0.3036237	     -0.3928327	
      0.0000000	      1.0000000	     -0.4273458	      0.9118299	     -0.2136729	     -0.2922500	     -1.2736983	      0.7198063	     -0.2922500	     -0.5893333	     -1.8524717	      0.6215077	     -0.3166173	      0.2616046	      0.9331537	      1.6413381	      0.7417842	      0.6757090	     -0.3693285	
      0.0000000	      1.0000000	     -1.1606437	      0.5426832	     -0.5803218	     -0.4723964	     -1.0213809	      2.3828969	     -0.4723964	      0.0317013	     -0.9199428	      1.3500916	      0.1942305	      0.1586431	      1.3759233	     -0.2168697	      1.3925627	     -0.1339113	     -2.3359370	
      0.0000000	      1.0000000	     -1.8934153	      0.1745801	     -0.9467077	     -0.2479144	      0.0394333	      3.0482085	     -0.2479144	      0.6493329	     -0.0490143	      1.1431392	      0.2320420	     -0.3809650	      0.4298744	     -1.3943052	      0.6087400	     -2.5444863	     -1.2493018	
      0.0000000	      1.0000000	     -2.6231844	     -0.1949171	     -1.3115922	      0.3834777	      1.8991114	      0.9511660	      0.3834777	      1.2617111	     -0.4285867	     -0.5778198	     -0.4992636	     -1.0534028	      0.1274472	     -0.5467699	     -0.4101506	     -3.1025040	      3.6473663	
      0.0000000	      1.0000000	     -3.3630426	     -0.5675315	     -1.6815213	      1.4314746	      4.6034751	     -5.7992606	      1.4314746	      1.8790663	     -3.2943125	     -4.4644856	     -2.3156562	     -1.5648555	      4.7771091	      3.1708050	      1.7884029	      5.0499959	     -3.2890162	
      0.0000000	      1.0000000	     -2.4706848	      0.0953941	     -1.2353424	     -0.1767666	      1.4404843	      1.7226695	     -0.1767666	      1.1377281	      0.1514203	     -0.0644127	      0.2179332	     -0.9257475	      0.0313300	     -0.9381347	      0.2547881	     -3.4320204	      2.7050934	
      0.0000000	      1.0000000	      0.4576829	      1.5699211	      0.2288414	      0.5388945	     -0.0336818	      0.3549473	      0.5388945	     -1.8092129	     -0.5938107	     -0.6625562	     -1.8113335	     -0.8400298	     -0.9782024	      1.3042766	      0.1051031	     -0.5761209	     -0.4571304	
      0.0000000	      1.0000000	     -0.2740519	      1.2013129	     -0.1370259	     -0.2469165	     -0.8753892	      0.2211891	     -0.2469165	     -1.0682825	     -1.8025929	      0.4059322	     -0.8330050	      0.2953376	      0.6791273	      2.2703526	      0.3860421	     -0.0940473	      0.2623084	
      0.0000000	      1.0000000	     -1.0057062	      0.8329203	     -0.5028531	     -0.6282548	     -0.9107450	      1.5890900	     -0.6282548	     -0.3306713	     -1.2890775	      1.2542552	      0.0269981	      0.4597102	      1.7526530	      0.6424527	      1.5218244	     -0.1985598	     -0.5838402	
      0.0000000	      1.0000000	     -1.7373331	      0.4652011	     -0.8686665	     -0.6061569	     -0.1398825	      2.6815903	     -0.6061569	      0.4036271	     -0.2418317	      1.2950401	      0.4762107	     -0.0457550	      1.1718243	     -1.0749270	      1.4436703	     -2.0194676	     -0.8432173	
      0.0000000	      1.0000000	     -3.2030661	     -0.2731197	     -1.6015331	      0.6561152	      3.8269889	     -3.0725532	      0.6561152	      1.8677354	     -1.3025947	     -3.4109712	     -1.0406036	     -1.8746946	      1.6235127	      2.4444053	      0.2619020	      0.9716055	      2.3484676	
      0.0000000	      1.0000000	     -1.5864233	      0.7538018	     -0.7932116	     -0.8968865	     -0.1581716	      1.9098907	     -0.8968865	      0.0457257	     -0.4102406	      1.3814816	      0.4972593	      0.4265363	      1.7520893	     -0.5373797	      1.7976568	     -1.5877395	      0.4635414	
      0.0000000	      1.0000000	     -2.3187101	      0.3858739	     -1.1593550	     -0.6710473	      1.1359082	      1.7633693	     -0.6710473	      0.8964041	      0.4557985	      0.3614773	      0.7492540	     -0.5202073	      0.3460306	     -1.1588179	      1.0143967	     -3.1335943	      2.3605361	
      0.0000000	      1.0000000	     -3.0502162	      0.0171782	     -1.5251081	     -0.0392979	      3.2336195	     -1.4926987	     -0.0392979	      1.7442447	      0.0683375	     -2.5193405	      0.0599310	     -1.7729911	     -0.0713309	      1.4749612	      0.0048304	     -1.0254496	      3.9665835	
      0.0000000	      1.0000000	     -3.7893875	     -0.3558876	     -1.8946937	      1.0114470	      6.1721869	     -9.7568407	      1.0114470	      2.5974064	     -2.8101768	     -7.9193058	     -1.8938445	     -3.0408854	      5.1383600	      8.8789492	      2.2193172	     12.2985888	    -15.2506876	
      0.0000000	      1.0000000	      0.6150185	      1.8618684	      0.3075092	      0.8588126	      0.8126798	      1.4401727	      0.8588126	     -2.5289938	      1.3968475	     -0.8643704	     -2.9630406	     -1.5844567	     -0.7512895	     -1.7506185	      1.6619681	      0.5171121	      1.8878176	
      0.0000000	      1.0000000	     -0.1209599	      1.4911392	     -0.0604799	     -0.1352760	     -0.3241479	     -0.0412147	     -0.1352760	     -1.6648786	     -1.1415125	      0.1809973	     -1.6495895	      0.2016047	      0.2892122	      2.0093472	      0.0389699	     -0.5829082	      0.1697372	
      0.0000000	      1.0000000	     -0.8533819	      1.1223493	     -0.4266910	     -0.7183444	     -0.6456025	      0.7146224	     -0.7183444	     -0.8082020	     -1.3402383	      1.1247017	     -0.4003826	      0.7673905	      1.7923511	      1.3669953	      1.1472763	     -0.4622454	      0.7813853	
      0.0000000	      1.0000000	     -0.7000337	      1.4127749	     -0.3500168	     -0.7417425	     -0.2273988	     -0.1243730	     -0.7417425	     -1.4050659	     -0.8992760	      0.9642881	     -1.1502796	      1.0264746	      1.5060660	      1.4504663	      0.3480692	     -0.6366888	      1.0316364	
      0.0000000	      1.0000000	     -1.4338297	      1.0432848	     -0.7169148	     -1.1219195	     -0.0272422	      0.8551145	     -1.1219195	     -0.4308572	     -0.3856567	      1.4138036	      0.2365427	      0.9862463	      2.0284832	     -0.0234018	      1.4913863	     -1.2272434	      1.7257633	
      0.0000000	      1.0000000	     -2.1658878	      0.6746226	     -1.0829439	     -1.0958676	      0.9800637	      1.2089449	     -1.0958676	      0.5382389	      0.6566899	      0.7087488	      1.0332476	      0.1042764	      0.7548535	     -1.1988748	      1.4102298	     -2.4911811	      2.6864958	
      0.0000000	      1.0000000	     -2.8968682	      0.3072265	     -1.4484341	     -0.6674960	      2.7912042	     -0.8358167	     -0.6674960	      1.5026799	      1.0409670	     -1.7322153	      0.9523247	     -1.3143070	     -0.8834711	      0.4868886	      0.2310098	     -1.6621577	      4.1443410	
      0.0000000	      1.0000000	     -3.6285493	     -0.0612469	     -1.8142747	      0.1666779	      5.4088964	     -7.0503283	      0.1666779	      2.4658811	     -0.4212883	     -6.5008821	     -0.3022847	     -2.9757180	      0.7053989	      7.0423450	      0.2487234	      7.2687922	     -5.9729238	
      0.0000000	      1.0000000	      0.0314187	      1.7819691	      0.0157094	      0.0419904	      0.3821156	      0.0554066	      0.0419904	     -2.3813753	      0.3139012	     -0.0471203	     -2.8285849	     -0.0748237	     -0.0568216	      0.0709824	      0.0542838	     -0.2234906	      0.0342962	
      0.0000000	      1.0000000	      0.1893998	      2.0719228	      0.0946999	      0.2943163	      1.2398262	      0.6539499	      0.2943163	     -3.2129219	      2.7344577	     -0.2824012	     -4.4193697	     -0.6093761	     -0.1177834	     -4.4972606	      0.9329004	      1.7032427	      1.5975037	
      0.0000000	      1.0000000	     -0.5471705	      1.7022983	     -0.2735852	     -0.6985855	      0.3417746	     -0.7983230	     -0.6985855	     -2.1172280	      0.2083036	      0.7798006	     -2.2753539	      1.1789621	      0.9766423	      0.1984579	     -0.6667630	     -0.2878729	     -0.1498737	
      0.0000000	      1.0000000	     -1.2809260	      1.3341348	     -0.6404630	     -1.2816960	      0.2578707	     -0.3652725	     -1.2816960	     -1.0272921	      0.0140007	      1.3959624	     -0.3664449	      1.5785985	      1.9113352	      0.0330245	      0.4483617	     -0.7877059	      1.8345872	
      0.0000000	      1.0000000	     -2.0113809	      0.9658160	     -1.0056905	     -1.4569679	      0.9752803	      0.1683107	     -1.4569679	      0.0589595	      0.9339831	      0.9827340	      1.0148019	      0.8985786	      1.0113294	     -1.2221656	      1.1067762	     -1.6226323	      3.0053346	
      0.0000000	      1.0000000	     -2.7426176	      0.5969989	     -1.3713088	     -1.2280047	      2.4984033	     -0.9745706	     -1.2280047	      1.1430601	      1.7897257	     -1.0435326	      1.5775862	     -0.5562474	     -1.2258261	     -0.4226244	      0.3338219	     -1.3501632	      3.8253372	
      0.0000000	      1.0000000	     -3.4768586	      0.2277985	     -1.7384293	     -0.5940173	      4.8387260	     -5.6013684	     -0.5940173	      2.2276833	      1.3937397	     -5.2922535	      1.0267466	     -2.4915690	     -2.1376214	      5.0634904	     -0.6673077	      4.7764626	     -2.3047493	
      0.0000000	      1.0000000	     -4.2159214	     -0.1447287	     -2.1079607	      0.4576235	      8.0135813	    -15.5848579	      0.4576235	      3.3169138	     -1.4981502	    -12.4095573	     -0.9631366	     -4.6171288	      3.2611170	     17.4084759	      1.5745640	     24.9970989	    -41.6861420	
      0.0000000	      1.0000000	     -0.3943881	      1.9930472	     -0.1971940	     -0.5895256	      1.0666703	     -1.1897442	     -0.5895256	     -2.9500139	      2.1702168	      0.5762461	     -3.8421774	      1.1711183	      0.3493461	     -3.2797012	     -1.5829967	      1.1789461	     -2.3993201	
      0.0000000	      1.0000000	     -1.1260151	      1.6246277	     -0.5630075	     -1.3720164	      0.6927607	     -1.6153688	     -1.3720164	     -1.7418283	      0.9590951	      1.3321012	     -1.3715780	      2.1397855	      1.3830525	     -0.9754916	     -1.2722999	      0.0343929	     -0.2421361	
      0.0000000	      1.0000000	     -1.8580735	      1.2557636	     -0.9290367	     -1.7499758	      1.1247026	     -1.2264723	     -1.7499758	     -0.5353748	      1.4645597	      1.1833898	      0.6356584	      1.7966260	      0.9241766	     -1.5778428	     -0.1168156	     -0.5125751	      2.1124713	
      0.0000000	      1.0000000	     -2.5909131	      0.8864417	     -1.2954565	     -1.7225200	      2.3653014	     -1.8032231	     -1.7225200	      0.6693215	      2.5001218	     -0.4617204	      1.8831762	      0.4398911	     -1.4647187	     -1.3281119	     -0.1836968	     -0.3289844	      2.8405306	
      0.0000000	      1.0000000	     -3.3216646	      0.5182443	     -1.6608323	     -1.2910752	      4.4077516	     -5.1167302	     -1.2910752	      1.8673401	      2.8729746	     -4.1798625	      2.0746651	     -1.6214975	     -4.0277982	      2.9623444	     -1.3490466	      3.9689879	     -1.5857283	
      0.0000000	      1.0000000	     -4.0563493	      0.1497911	     -2.0281746	     -0.4557038	      7.2721858	    -12.9961157	     -0.4557038	      3.0682912	      1.4024814	    -10.6012383	      0.9225665	     -4.1031799	     -2.8720410	     13.9920883	     -1.3184497	     19.1352425	    -28.6139641	
      0.0000000	      1.0000000	     -0.9804243	      1.9171149	     -0.4902121	     -1.4096894	      1.2971900	     -2.8172059	     -1.4096894	     -2.5762661	      2.6767778	      1.2350327	     -2.8319674	      2.6436357	      0.4742980	     -3.9245181	     -3.5609632	      1.7462720	     -5.2752948	
      0.0000000	      1.0000000	     -1.7119976	      1.5484660	     -0.8559988	     -1.9882276	      1.4469615	     -2.9030707	     -1.9882276	     -1.2487596	      2.4712722	      1.3135576	     -0.1544943	      2.7650931	      0.3380836	     -2.8501294	     -2.4206035	      1.0716217	     -1.5343357	
      0.0000000	      1.0000000	     -2.4440019	      1.1794001	     -1.2220010	     -2.1618421	      2.4031327	     -3.2417397	     -2.1618421	      0.0767263	      3.3858731	      0.0164082	      1.8215094	      1.6372781	     -1.9291623	     -2.5312250	     -1.7448620	      1.3544618	      0.0827828	
      0.0000000	      1.0000000	     -3.1752121	      0.8103003	     -1.5876061	     -1.9296565	      4.1635494	     -5.6062160	     -1.9296565	      1.3979299	      4.2282000	     -3.2402818	      2.7975183	     -0.4371738	     -5.4964104	      0.8275234	     -2.4991612	      4.6739674	     -3.4858851	
      0.0000000	      1.0000000	     -3.9070685	      0.4416584	     -1.9535342	     -1.2941922	      6.7329626	    -11.7877712	     -1.2941922	      2.7159255	      3.8176730	     -9.0499277	      2.4851732	     -3.1560416	     -7.3811555	     10.4612799	     -3.4756784	     16.3963470	    -23.7761841	
      0.0000000	      1.0000000	     -1.5643873	      1.8382998	     -0.7821937	     -2.1568596	      1.9111201	     -4.6724486	     -2.1568596	     -2.0756392	      4.0715156	      1.3894467	     -1.4190435	      3.7256708	     -0.7456025	     -5.6954823	     -5.7198944	      3.4162006	     -9.2829847	
      0.0000000	      1.0000000	     -2.2936304	      1.4700212	     -1.1468152	     -2.5287640	      2.5798883	     -5.0786052	     -2.5287640	     -0.6343331	      4.5666471	      0.4238971	      1.3116946	      2.9631999	     -2.7532289	     -4.4667649	     -4.5355387	      3.6621413	     -5.9305177	
      0.0000000	      1.0000000	     -3.0268068	      1.1005715	     -1.5134034	     -2.4984131	      4.0618205	     -6.8177958	     -2.4984131	      0.8093492	      5.5935745	     -2.3923576	      3.1145689	      1.0165403	     -6.8340492	     -1.6178716	     -4.5872846	      6.4665232	     -8.2571974	
