     -0.4969675	      0.8517128	
     -0.6814602	      0.6691697	
     -0.8659427	      0.4856466	
     -0.7203999	      0.5242127	
     -0.9046502	      0.3414204	
     -0.3518828	      0.8910803	
     -0.5355975	      0.7074293	
     -0.5744226	      0.5620549	
     -0.7583496	      0.3790472	
     -0.9434618	      0.1958372	
     -0.2056394	      0.9283804	
     -0.3899670	      0.7448843	
     -0.4295229	      0.6002741	
     -0.6136788	      0.4169161	
     -0.7975587	      0.2342922	
     -0.9822767	      0.0504392	
     -0.0601033	      0.9666771	
     -0.2446901	      0.7831035	
     -0.0994268	      0.8215046	
     -0.2839869	      0.6390354	
     -0.4683985	      0.4549636	
     -0.6526218	      0.2721914	
     -0.8370842	      0.0889850	
      0.0855102	      1.0050714	
     -0.5078668	      0.3101042	
     -0.6919690	      0.1276890	
     -0.8766298	     -0.0559855	
      0.0453820	      0.8599156	
     -0.1389323	      0.6772478	
     -0.3237043	      0.4934487	
     -0.1783028	      0.5316713	
     -0.3630346	      0.3487610	
     -0.5468234	      0.1654806	
     -0.7315687	     -0.0170256	
     -0.9179094	     -0.2028252	
      0.1908911	      0.8984414	
      0.0063378	      0.7152179	
     -0.0321505	      0.5699243	
     -0.2173603	      0.3865965	
     -0.4020752	      0.2038781	
     -0.5861033	      0.0214024	
     -0.7710100	     -0.1625787	
      0.1515576	      0.7530903	
     -0.4413114	      0.0600054	
     -0.6254638	     -0.1239823	
     -0.8120943	     -0.3088929	
      0.2971070	      0.7923567	
      0.1116885	      0.6083083	
     -0.0724775	      0.4250210	
     -0.2571385	      0.2421343	
     -0.1117471	      0.2802256	
     -0.2965968	      0.0975611	
     -0.4804900	     -0.0855678	
     -0.6651915	     -0.2683602	
      0.2572751	      0.6469451	
      0.0726444	      0.4634961	
      0.2176619	      0.5020015	
      0.0338092	      0.3185897	
     -0.3352435	     -0.0471836	
     -0.5203085	     -0.2307236	
     -0.7061478	     -0.4152940	
      0.4028279	      0.6856762	
      0.3626054	      0.5405742	
      0.1778233	      0.3568996	
     -0.3749812	     -0.1918949	
     -0.5593088	     -0.3754785	
     -0.4142507	     -0.3373906	
     -0.6006019	     -0.5218871	
      0.5083165	      0.5791874	
      0.3231843	      0.3952906	
      0.1382842	      0.2123600	
      0.2837496	      0.2504446	
     -0.2693645	     -0.2987203	
     -0.4533050	     -0.4819706	
      0.4681143	      0.4339710	
      0.4287873	      0.2891857	
      0.2441600	      0.1060162	
     -0.3087724	     -0.4433641	
     -0.4953760	     -0.6282412	
      0.6140543	      0.4726852	
     -0.1635225	     -0.4049767	
     -0.3481162	     -0.5876006	
      0.5738352	      0.3273577	
      0.3887970	      0.1443903	
     -0.0189056	     -0.3664545	
     -0.2030953	     -0.5492536	
     -0.3895002	     -0.7342079	
      0.7197517	      0.3663312	
      0.5353297	      0.1830036	
      0.3499347	      0.0001100	
      0.4954036	      0.0374841	
      0.3107661	     -0.1450624	
      0.1262231	     -0.3285249	
     -0.0581585	     -0.5110444	
     -0.2424761	     -0.6942880	
      0.6795393	      0.2211047	
      0.8252368	      0.2603308	
      0.6403067	      0.0762858	
      0.4559150	     -0.1068364	
      0.2713416	     -0.2901609	
      0.0872900	     -0.4733538	
     -0.0974586	     -0.6557961	
     -0.2837658	     -0.8407606	
      0.0476971	     -0.6176712	
      0.7849606	      0.1144207	
      0.6006564	     -0.0685130	
      0.4164602	     -0.2514265	
      0.2326006	     -0.4343333	
     -0.1365598	     -0.8007665	
      0.3769009	     -0.3966058	
      0.1929370	     -0.5796775	
      0.0085891	     -0.7625540	
     -0.1779438	     -0.9473469	
      0.9309342	      0.1537546	
      0.7455696	     -0.0302400	
      0.5611746	     -0.2133455	
      0.7063875	     -0.1750084	
      0.5216424	     -0.3584574	
      0.3373113	     -0.5414720	
      0.1536132	     -0.7242171	
     -0.0306234	     -0.9071373	
      0.8909845	      0.0078547	
      1.0359614	      0.0473500	
      0.8511491	     -0.1367926	
      0.6670674	     -0.3202315	
      0.4829080	     -0.5028452	
      0.2984994	     -0.6856544	
      0.1138992	     -0.8692147	
     -0.0723643	     -1.0539804	
      0.9965236	     -0.0985970	
      0.8123139	     -0.2815038	
      0.6278818	     -0.4645184	
      0.4432209	     -0.6477283	
      0.2591221	     -0.8304161	
      0.0748956	     -1.0140873	
      0.9585574	     -0.2451061	
      0.7742330	     -0.4279994	
      0.5897000	     -0.6110005	
      0.4051501	     -0.7938030	
      0.2208292	     -0.9767671	
      0.9191499	     -0.3910968	
      0.7350106	     -0.5734076	
      0.5502858	     -0.7567017	
