  83029.2656250
  77358.7343750
  71200.1093750
  77268.0468750
  71552.1953125
  85196.8593750
  81498.5703125
  81284.0468750
  76626.1875000
  71340.1562500
  91758.4140625
  85280.1640625
  84815.6015625
  80857.8046875
  76150.5937500
  69893.0703125
  96060.2968750
  89228.4843750
  95360.1484375
  88497.3437500
  82968.0703125
  79822.0468750
  74521.0234375
 102010.7656250
  83235.2421875
  79911.5546875
  72772.9375000
  98460.5234375
  94167.3984375
  86462.3906250
  92607.3203125
  86504.6562500
  82161.7578125
  78454.9921875
  70383.6562500
 103419.6875000
  97605.5625000
  95804.5546875
  89773.9453125
  85355.3750000
  81401.0859375
  76378.2890625
 100459.8437500
  83456.8750000
  81022.1328125
  74635.6015625
 107172.6328125
  98194.3281250
  93182.5859375
  87127.7109375
  90607.2187500
  87488.6953125
  82234.2500000
  79783.8593750
 104582.7656250
  98188.2968750
 101049.1562500
  94698.6171875
  86139.8750000
  82818.0312500
  78150.4921875
 109317.2265625
 107327.0937500
  99592.5078125
  84791.4453125
  82195.5546875
  85599.6718750
  80835.2890625
 110792.0234375
 105900.0546875
  97223.4140625
 104043.1640625
  86078.7968750
  85280.8125000
 109604.7343750
 107667.6718750
 100424.0078125
  87242.1953125
  84057.2265625
 115305.3671875
  86651.3359375
  85955.9843750
 114720.4296875
 108012.9531250
  89621.3437500
  87762.8437500
  86061.5234375
 118539.6484375
 113302.6640625
 106952.9531250
 112675.1562500
 103968.2187500
  94278.7343750
  89170.9921875
  88832.2265625
 117645.8984375
 122331.0781250
 116536.6562500
 112011.9921875
 101959.5078125
  94364.8515625
  90356.1015625
  88705.0156250
  94313.7343750
 120986.5937500
 115627.1640625
 109259.5703125
 100585.9375000
  92171.5234375
 107333.8750000
  99462.2812500
  93969.6640625
  92058.0078125
 126759.1953125
 121405.2187500
 113779.8671875
 121258.1953125
 112166.5390625
 105254.6640625
  98137.3515625
  94349.4609375
 125747.2421875
 131613.9218750
 123971.2187500
 118444.5468750
 110052.9921875
 104519.6484375
  99048.3125000
  93589.3750000
 128579.3906250
 122381.7343750
 115740.1875000
 108242.9062500
 103064.3828125
  98615.2421875
 128773.1640625
 120914.9765625
 112982.3046875
 106128.7812500
 101284.4843750
 127678.8515625
 119418.7656250
 111462.4296875
  15309.8056641
   9536.1728516
   2108.3266602
   3038.2072754
  -2229.7377930
  16256.3994141
   9788.4140625
   3661.6884766
  -2184.9982910
  -7464.8896484
  17735.9609375
  11644.0976562
   4828.0737305
  -1529.5849609
  -6714.8857422
 -11646.2792969
  19688.8769531
  11318.7451172
  13275.9687500
   6940.5356445
    -36.0672607
  -6478.6679688
  -9955.4833984
  22963.4746094
  -5790.0590820
  -8593.2548828
 -12651.7978516
  14381.0166016
   7821.0825195
    781.5339355
   3201.9458008
  -4976.4780273
  -8200.2480469
 -12004.0810547
 -16729.6093750
  16972.8046875
  10342.1728516
   5750.8330078
  -2941.2048340
  -7350.6572266
 -11237.0771484
 -15167.6337891
  11073.1660156
  -9870.0820312
 -13048.2792969
 -18398.8984375
  15272.7626953
   7169.7465820
    790.7230225
  -6331.0107422
  -4407.5000000
  -8429.4589844
 -11838.4179688
 -16645.4433594
   9290.7080078
   3524.8857422
   4733.7133789
  -1203.7161865
 -11381.3173828
 -17171.8925781
 -20898.6816406
  10497.2382812
   6978.3833008
   1855.1092529
 -16693.7714844
 -18877.9960938
 -19263.2207031
 -24971.5820312
   8626.4501953
   2154.2722168
  -3581.3413086
  -2093.6816406
 -19768.8515625
 -22723.2656250
   3001.2785645
     38.7665634
  -4662.6699219
 -21804.6406250
 -26531.9804688
   3811.3562012
 -21794.1601562
 -25375.2148438
    758.5611572
  -3701.8334961
 -20659.8222656
 -23831.3574219
 -27793.1132812
    631.4642334
  -4138.7182617
  -6790.6958008
  -7351.2314453
 -14786.1699219
 -19810.0585938
 -25100.5449219
 -28785.3789062
  -2423.9726562
  -1277.4587402
  -5971.9458008
 -12382.7578125
 -19098.0742188
 -25572.0332031
 -29648.7539062
 -31587.9296875
 -30199.0097656
  -6178.7583008
 -10025.4638672
 -16983.6035156
 -25210.3261719
 -31338.5019531
 -24260.3730469
 -29762.8710938
 -33013.5351562
 -36626.8085938
  -5339.3906250
 -10514.1816406
 -16425.2500000
 -14175.0371094
 -21331.9472656
 -28451.1250000
 -32767.9550781
 -36464.0429688
  -9742.9277344
  -6898.1508789
 -12666.8457031
 -19092.5605469
 -26677.7988281
 -33448.1367188
 -36571.0976562
 -42729.2382812
 -11629.3945312
 -16785.6914062
 -24582.2792969
 -32361.6386719
 -36245.6015625
 -40882.6289062
 -16280.2626953
 -22631.8613281
 -28773.2031250
 -35088.7226562
 -39918.7500000
 -21625.9707031
 -27509.2128906
 -35031.8632812
