# Ref_0002.fits - 2007-10-11
# X 27.8785 27.8272 261.000 259.000
69.40400 8.85800
98.90200 8.53600
128.31100 8.26800
157.97701 8.24600
187.49899 8.16400
217.14400 8.20700
246.81000 8.10800
276.43100 8.13300
306.13901 8.22700
335.64600 8.26100
365.12299 8.34600
394.73999 8.41500
424.08301 9.15000
157.84200 37.77900
187.46600 37.82400
217.00200 37.68500
246.81599 37.77700
276.58701 37.73400
306.15900 37.80100
335.76599 37.85400
69.24300 38.37300
98.69200 38.06800
128.19701 37.89300
365.42300 38.03100
394.88501 38.13500
424.40701 38.29700
453.69101 38.46900
39.99000 38.71300
482.97299 38.70200
9.78600 38.00400
39.50600 67.68900
69.13100 67.56100
98.50100 67.50000
128.06799 67.44200
157.77100 67.34100
187.40500 67.21600
217.10201 67.23700
246.90199 67.27600
276.43900 67.23900
306.28000 67.28000
335.95901 67.33500
365.50101 67.50000
395.10999 67.59500
424.53400 67.74600
453.94501 67.89600
10.40300 68.39900
483.30099 68.05900
68.92900 97.09300
217.07401 96.85800
9.88100 97.49100
39.32500 97.29800
98.33200 97.08100
128.00200 96.99600
157.83900 96.90000
187.39700 96.80100
246.86200 96.86200
276.66299 96.84500
306.27600 96.90200
335.99701 96.99600
365.64700 96.99900
395.18100 97.07700
424.71201 97.28800
454.23499 97.33700
483.54001 97.51100
39.23600 126.76300
68.78300 126.69800
98.38100 126.59300
127.93100 126.58800
157.50400 126.49800
187.35201 126.48100
217.04300 126.46600
246.91701 126.40300
276.50400 126.49800
306.40601 126.46000
336.01199 126.42800
365.74200 126.63000
395.38901 126.55200
424.85101 126.77700
9.30800 127.01500
454.33301 126.96200
483.54199 127.00000
9.47500 156.55400
39.02100 156.38800
68.75100 156.46100
98.22200 156.26100
127.90100 156.15401
157.55901 156.15601
187.31500 156.12000
217.09500 156.19501
246.84000 156.19701
276.65601 156.09399
306.31500 156.11700
335.96399 156.09700
365.85501 156.15401
395.41699 156.33900
424.98401 156.37000
454.38101 156.43300
483.78400 156.59599
9.25000 186.07700
39.03000 186.03000
68.57900 186.09399
98.10100 185.94600
127.72300 185.90500
157.48100 185.83299
187.17400 185.98599
217.01601 185.95900
246.80600 185.90199
276.63699 185.94501
306.31201 185.92700
336.05600 185.94501
365.78799 185.93900
395.49899 185.99800
425.05801 186.05901
454.51599 186.03799
483.94199 186.19299
9.23200 215.84900
38.89600 215.65199
68.59200 215.70100
98.14100 215.80299
127.72500 215.67200
157.56900 215.62300
187.26401 215.74500
217.05701 215.62900
246.83099 215.65601
276.61401 215.60400
306.38300 215.59200
336.09799 215.79900
365.79401 215.72301
395.56799 215.62399
425.08099 215.75101
454.56299 215.75301
483.92599 215.90100
9.14600 245.43700
38.81600 245.56900
68.53900 245.43500
98.16100 245.48399
127.75000 245.52000
157.50500 245.45799
187.24300 245.37900
216.99899 245.50000
246.84700 245.50000
276.63800 245.49699
306.48901 245.45799
336.23099 245.39000
365.90601 245.44200
395.51099 245.45700
425.06799 245.50000
454.57001 245.54100
484.00101 245.42300
9.23000 275.14700
38.80300 275.11700
68.53500 275.20499
98.09800 275.15302
127.79900 275.12100
157.44901 275.27802
187.22400 275.22699
217.06200 275.22198
246.80600 275.24200
276.57401 275.18799
306.31601 275.11801
336.10300 275.23901
365.90100 275.19699
395.51901 275.16501
425.18600 275.24301
454.59500 275.13501
484.05600 275.13501
9.25200 304.81900
38.93500 304.77701
68.61000 304.96799
98.10100 304.94501
127.89700 304.94101
157.46800 305.02200
187.32600 305.03201
217.00000 305.00299
246.86800 304.97299
276.66599 305.03699
306.42700 305.02899
336.00500 305.00101
365.94299 304.97601
395.56900 304.89899
425.05600 304.94400
454.66501 304.91599
484.01700 304.95700
9.31100 334.35001
39.05300 334.36499
68.75200 334.46399
127.92500 334.68399
187.27600 334.85800
246.90199 334.80600
306.40201 334.77301
365.90201 334.71899
395.50000 334.58499
425.00201 334.64600
454.50299 334.50101
484.00101 334.35501
98.02500 334.76801
157.58900 334.81500
217.04100 334.90100
276.68301 334.88101
336.04300 334.90100
9.51100 363.96201
39.00100 364.00101
68.76200 364.20300
98.36000 364.28601
127.99600 364.39999
157.50301 364.50000
187.45599 364.50601
217.03400 364.57199
246.91200 364.48499
276.54401 364.51401
306.40701 364.45901
336.05801 364.40799
365.79800 364.31699
395.45700 364.35001
424.96100 364.09799
454.37601 364.09299
483.80600 363.90500
9.55000 393.59000
39.40700 393.56299
68.77400 393.77499
454.29999 393.64099
483.65302 393.54300
98.30100 393.99600
128.03700 394.09299
157.68600 394.12000
187.33299 394.08301
217.09700 394.19601
246.95500 394.09698
276.62701 394.17401
306.37299 394.17801
335.98901 394.12900
365.66901 394.03900
395.30899 393.92999
424.90201 393.84799
9.92200 423.00000
39.31300 423.11899
68.99700 423.31400
98.49000 423.54300
128.06500 423.60001
157.77800 423.81400
246.90199 423.80499
335.94199 423.82199
365.63800 423.71701
395.25000 423.47800
424.71100 423.39200
454.22601 423.22601
483.45001 423.06900
187.36900 423.87399
217.05800 423.94299
276.59601 423.93500
306.30701 423.92700
10.16700 452.47000
39.58700 452.62399
453.98199 452.79999
483.39099 452.47101
69.15500 452.88699
98.63800 453.05600
128.17799 453.13501
157.88300 453.12201
187.49800 453.41599
217.05400 453.36499
246.89700 453.36899
276.52399 453.41599
306.23401 453.33600
335.95999 453.33499
365.52399 453.07101
395.04001 452.98401
424.57401 452.89600
10.42800 481.89401
39.77800 482.00000
69.30400 482.39499
98.88500 482.53799
128.40700 482.56500
157.94099 482.73999
187.59300 482.78400
217.23900 482.80499
246.81500 482.76199
276.53201 482.82300
306.23401 482.76401
335.76599 482.66800
365.41699 482.58200
394.81699 482.56799
424.47000 482.46799
453.83899 482.05701
483.10101 481.94501
509.98300 481.39999
10.52600 508.73300
39.96200 508.88000
453.49701 508.87000
482.77802 508.75101
69.42300 509.09500
98.64500 509.20599
128.17700 509.34201
365.08301 509.29199
394.59799 509.16000
424.00400 509.07300
157.87900 509.45901
187.38699 509.72000
216.99899 509.59698
246.73000 509.65399
276.21201 509.59299
305.87900 509.63000
335.67001 509.49899
