fld	z1	z2	z3	z4	z5	z6	z7	z8	z9	z10	z11
---	--	--	--	--	--	--	--	--	--	---	---
0.000000	0.502181	-0.002428	0.000000	0.394519	0.004144	0.000000	-0.001217	-0.000000	-0.054089	-0.000014	0.000000
0.005000	0.501533	-0.002428	0.006209	0.393869	0.003731	0.000016	-0.001217	0.005572	-0.054091	-0.000014	-0.000000
0.010000	0.499591	-0.002428	0.012399	0.391920	0.002490	0.000032	-0.001217	0.011134	-0.054096	-0.000014	-0.000003
0.015000	0.496367	-0.002428	0.018549	0.388685	0.000425	0.000049	-0.001217	0.016678	-0.054105	-0.000014	-0.000010
0.020000	0.491880	-0.002428	0.024640	0.384183	-0.002461	0.000065	-0.001217	0.022193	-0.054117	-0.000014	-0.000023
0.025000	0.486155	-0.002428	0.030651	0.378438	-0.006165	0.000081	-0.001217	0.027670	-0.054133	-0.000014	-0.000045
0.030000	0.479224	-0.002427	0.036565	0.371484	-0.010679	0.000097	-0.001217	0.033099	-0.054152	-0.000014	-0.000078
0.035000	0.471128	-0.002427	0.042360	0.363360	-0.015996	0.000113	-0.001217	0.038472	-0.054175	-0.000014	-0.000124
0.040000	0.461911	-0.002427	0.048018	0.354112	-0.022108	0.000130	-0.001217	0.043779	-0.054200	-0.000015	-0.000186
0.045000	0.451625	-0.002426	0.053519	0.343791	-0.029005	0.000146	-0.001217	0.049010	-0.054227	-0.000015	-0.000265
0.050000	0.440327	-0.002426	0.058845	0.332455	-0.036676	0.000162	-0.001217	0.054157	-0.054257	-0.000015	-0.000364
0.055000	0.428077	-0.002426	0.063974	0.320165	-0.045107	0.000178	-0.001216	0.059210	-0.054289	-0.000015	-0.000486
0.060000	0.414944	-0.002425	0.068890	0.306988	-0.054285	0.000195	-0.001216	0.064160	-0.054322	-0.000015	-0.000633
0.065000	0.400996	-0.002425	0.073573	0.292994	-0.064193	0.000211	-0.001216	0.068998	-0.054357	-0.000015	-0.000807
0.070000	0.386306	-0.002424	0.078003	0.278258	-0.074816	0.000227	-0.001216	0.073715	-0.054393	-0.000015	-0.001011
0.075000	0.370952	-0.002424	0.082164	0.262854	-0.086134	0.000243	-0.001215	0.078303	-0.054429	-0.000015	-0.001248
0.080000	0.355010	-0.002423	0.086036	0.246863	-0.098128	0.000260	-0.001215	0.082753	-0.054465	-0.000016	-0.001521
0.085000	0.338562	-0.002423	0.089601	0.230365	-0.110777	0.000276	-0.001215	0.087055	-0.054500	-0.000016	-0.001832
0.090000	0.321687	-0.002422	0.092842	0.213440	-0.124057	0.000292	-0.001215	0.091203	-0.054535	-0.000016	-0.002184
0.095000	0.304469	-0.002421	0.095740	0.196172	-0.137945	0.000309	-0.001214	0.095186	-0.054567	-0.000016	-0.002581
0.100000	0.286987	-0.002421	0.098279	0.178643	-0.152415	0.000325	-0.001214	0.098998	-0.054598	-0.000017	-0.003025
0.105000	0.269324	-0.002420	0.100441	0.160934	-0.167440	0.000341	-0.001213	0.102630	-0.054625	-0.000017	-0.003520
0.110000	0.251560	-0.002419	0.102209	0.143126	-0.182991	0.000358	-0.001213	0.106074	-0.054649	-0.000017	-0.004069
0.115000	0.233774	-0.002418	0.103567	0.125299	-0.199038	0.000374	-0.001213	0.109322	-0.054668	-0.000017	-0.004676
0.120000	0.216043	-0.002418	0.104498	0.107531	-0.215549	0.000390	-0.001212	0.112368	-0.054683	-0.000018	-0.005344
0.125000	0.198442	-0.002417	0.104986	0.089898	-0.232492	0.000407	-0.001212	0.115202	-0.054691	-0.000018	-0.006078
0.130000	0.181044	-0.002416	0.105016	0.072473	-0.249831	0.000423	-0.001211	0.117819	-0.054693	-0.000018	-0.006881
0.135000	0.163918	-0.002415	0.104572	0.055327	-0.267531	0.000440	-0.001211	0.120212	-0.054687	-0.000019	-0.007757
0.140000	0.147132	-0.002414	0.103639	0.038528	-0.285553	0.000456	-0.001210	0.122372	-0.054672	-0.000019	-0.008711
0.145000	0.130749	-0.002413	0.102203	0.022140	-0.303859	0.000473	-0.001210	0.124295	-0.054648	-0.000019	-0.009747
0.150000	0.114830	-0.002412	0.100249	0.006225	-0.322407	0.000489	-0.001209	0.125973	-0.054613	-0.000020	-0.010870
0.155000	0.099430	-0.002411	0.097764	-0.009161	-0.341156	0.000506	-0.001209	0.127400	-0.054567	-0.000020	-0.012084
0.160000	0.084602	-0.002409	0.094735	-0.023964	-0.360061	0.000522	-0.001208	0.128571	-0.054508	-0.000020	-0.013396
0.165000	0.070394	-0.002408	0.091147	-0.038134	-0.379078	0.000539	-0.001207	0.129479	-0.054435	-0.000021	-0.014809
0.170000	0.056851	-0.002407	0.086990	-0.051625	-0.398158	0.000556	-0.001207	0.130120	-0.054347	-0.000021	-0.016331
0.175000	0.044013	-0.002406	0.082251	-0.064398	-0.417255	0.000572	-0.001206	0.130489	-0.054242	-0.000022	-0.017965
0.180000	0.031915	-0.002404	0.076918	-0.076414	-0.436319	0.000589	-0.001206	0.130580	-0.054120	-0.000022	-0.019720
0.185000	0.020589	-0.002403	0.070981	-0.087641	-0.455297	0.000606	-0.001205	0.130390	-0.053978	-0.000022	-0.021600
0.190000	0.010062	-0.002402	0.064430	-0.098050	-0.474137	0.000622	-0.001204	0.129913	-0.053816	-0.000023	-0.023612
0.195000	0.000357	-0.002400	0.057254	-0.107618	-0.492785	0.000639	-0.001204	0.129147	-0.053632	-0.000023	-0.025764
0.200000	-0.008510	-0.002399	0.049446	-0.116325	-0.511186	0.000656	-0.001203	0.128088	-0.053424	-0.000024	-0.028063
0.205000	-0.016523	-0.002397	0.040995	-0.124156	-0.529282	0.000673	-0.001202	0.126733	-0.053191	-0.000024	-0.030515
0.210000	-0.023674	-0.002396	0.031896	-0.131099	-0.547015	0.000690	-0.001201	0.125079	-0.052930	-0.000025	-0.033130
0.215000	-0.029958	-0.002394	0.022140	-0.137149	-0.564325	0.000707	-0.001201	0.123124	-0.052641	-0.000025	-0.035914
0.220000	-0.035375	-0.002393	0.011721	-0.142304	-0.581151	0.000723	-0.001200	0.120866	-0.052320	-0.000026	-0.038878
0.225000	-0.039929	-0.002391	0.000635	-0.146565	-0.597430	0.000740	-0.001199	0.118305	-0.051967	-0.000026	-0.042029
0.230000	-0.043628	-0.002389	-0.011124	-0.149939	-0.613099	0.000757	-0.001198	0.115438	-0.051579	-0.000027	-0.045376
0.235000	-0.046485	-0.002388	-0.023559	-0.152436	-0.628092	0.000774	-0.001197	0.112266	-0.051153	-0.000028	-0.048931
0.240000	-0.048517	-0.002386	-0.036673	-0.154072	-0.642343	0.000792	-0.001196	0.108789	-0.050688	-0.000028	-0.052702
0.245000	-0.049744	-0.002384	-0.050469	-0.154864	-0.655784	0.000809	-0.001195	0.105007	-0.050182	-0.000029	-0.056702
0.250000	-0.050192	-0.002382	-0.064945	-0.154836	-0.668347	0.000826	-0.001195	0.100923	-0.049631	-0.000029	-0.060939
0.255000	-0.049891	-0.002381	-0.080104	-0.154014	-0.679961	0.000843	-0.001194	0.096537	-0.049033	-0.000030	-0.065428
0.260000	-0.048872	-0.002379	-0.095942	-0.152430	-0.690556	0.000860	-0.001193	0.091852	-0.048385	-0.000031	-0.070179
0.265000	-0.047175	-0.002377	-0.112458	-0.150117	-0.700059	0.000877	-0.001192	0.086872	-0.047685	-0.000031	-0.075205
0.270000	-0.044838	-0.002375	-0.129649	-0.147114	-0.708397	0.000895	-0.001191	0.081600	-0.046929	-0.000032	-0.080519
0.275000	-0.041908	-0.002373	-0.147508	-0.143462	-0.715497	0.000912	-0.001190	0.076041	-0.046115	-0.000033	-0.086136
0.280000	-0.038433	-0.002371	-0.166030	-0.139207	-0.721282	0.000930	-0.001189	0.070201	-0.045239	-0.000033	-0.092070
0.285000	-0.034464	-0.002369	-0.185208	-0.134398	-0.725677	0.000947	-0.001188	0.064085	-0.044297	-0.000034	-0.098336
0.290000	-0.030059	-0.002366	-0.205031	-0.129087	-0.728606	0.000964	-0.001186	0.057700	-0.043287	-0.000035	-0.104949
0.295000	-0.025275	-0.002364	-0.225489	-0.123331	-0.729990	0.000982	-0.001185	0.051055	-0.042204	-0.000036	-0.111927
0.300000	-0.020177	-0.002362	-0.246571	-0.117187	-0.729751	0.001000	-0.001184	0.044158	-0.041044	-0.000036	-0.119286
0.305000	-0.014829	-0.002360	-0.268261	-0.110719	-0.727810	0.001017	-0.001183	0.037019	-0.039804	-0.000037	-0.127045
0.310000	-0.009302	-0.002358	-0.290545	-0.103991	-0.724088	0.001035	-0.001182	0.029648	-0.038479	-0.000038	-0.135223
0.315000	-0.003668	-0.002355	-0.313404	-0.097073	-0.718504	0.001052	-0.001181	0.022059	-0.037065	-0.000039	-0.143838
0.320000	0.001997	-0.002353	-0.336820	-0.090036	-0.710979	0.001070	-0.001180	0.014262	-0.035557	-0.000039	-0.152912
0.325000	0.007613	-0.002351	-0.360770	-0.082954	-0.701430	0.001088	-0.001178	0.006274	-0.033950	-0.000040	-0.162467
0.330000	0.013100	-0.002348	-0.385231	-0.075904	-0.689778	0.001106	-0.001177	-0.001892	-0.032239	-0.000041	-0.172523
0.335000	0.018371	-0.002346	-0.410176	-0.068966	-0.675940	0.001124	-0.001176	-0.010218	-0.030418	-0.000042	-0.183106
0.340000	0.023339	-0.002343	-0.435578	-0.062224	-0.659835	0.001142	-0.001175	-0.018687	-0.028483	-0.000043	-0.194239
0.345000	0.027912	-0.002341	-0.461406	-0.055762	-0.641383	0.001160	-0.001173	-0.027279	-0.026427	-0.000044	-0.205948
0.350000	0.031999	-0.002338	-0.487626	-0.049668	-0.620500	0.001178	-0.001172	-0.035973	-0.024244	-0.000044	-0.218259
0.355000	0.035501	-0.002335	-0.514202	-0.044032	-0.597107	0.001196	-0.001171	-0.044747	-0.021927	-0.000045	-0.231202
0.360000	0.038320	-0.002333	-0.541095	-0.038947	-0.571122	0.001214	-0.001169	-0.053577	-0.019471	-0.000046	-0.244804
0.365000	0.040355	-0.002330	-0.568265	-0.034508	-0.542466	0.001232	-0.001168	-0.062437	-0.016867	-0.000047	-0.259096
0.370000	0.041502	-0.002327	-0.595664	-0.030811	-0.511057	0.001251	-0.001167	-0.071299	-0.014110	-0.000048	-0.274111
0.375000	0.041654	-0.002324	-0.623246	-0.027956	-0.476819	0.001269	-0.001165	-0.080135	-0.011189	-0.000049	-0.289881
0.380000	0.040703	-0.002322	-0.650958	-0.026044	-0.439671	0.001287	-0.001164	-0.088912	-0.008099	-0.000050	-0.306442
0.385000	0.038537	-0.002319	-0.678746	-0.025178	-0.399538	0.001306	-0.001162	-0.097599	-0.004830	-0.000051	-0.323829
0.390000	0.035044	-0.002316	-0.706549	-0.025462	-0.356343	0.001324	-0.001161	-0.106158	-0.001374	-0.000052	-0.342080
0.395000	0.030108	-0.002313	-0.734306	-0.027004	-0.310011	0.001343	-0.001159	-0.114552	0.002279	-0.000053	-0.361236
0.400000	0.023612	-0.002310	-0.761949	-0.029911	-0.260470	0.001361	-0.001158	-0.122741	0.006138	-0.000054	-0.381338
0.405000	0.015437	-0.002307	-0.789406	-0.034292	-0.207648	0.001380	-0.001156	-0.130682	0.010214	-0.000055	-0.402430
0.410000	0.005462	-0.002304	-0.816601	-0.040260	-0.151476	0.001399	-0.001155	-0.138330	0.014517	-0.000056	-0.424556
0.415000	-0.006436	-0.002301	-0.843454	-0.047925	-0.091886	0.001417	-0.001153	-0.145636	0.019058	-0.000057	-0.447765
0.420000	-0.020382	-0.002297	-0.869878	-0.057403	-0.028814	0.001436	-0.001152	-0.152551	0.023849	-0.000058	-0.472105
0.425000	-0.036502	-0.002294	-0.895782	-0.068806	0.037804	0.001455	-0.001150	-0.159018	0.028903	-0.000059	-0.497629
0.430000	-0.054922	-0.002291	-0.921070	-0.082251	0.108026	0.001474	-0.001148	-0.164983	0.034231	-0.000060	-0.524392
0.435000	-0.075772	-0.002288	-0.945639	-0.097854	0.181909	0.001493	-0.001147	-0.170382	0.039847	-0.000062	-0.552449
0.440000	-0.099182	-0.002284	-0.969380	-0.115731	0.259507	0.001512	-0.001145	-0.175154	0.045767	-0.000063	-0.581861
0.445000	-0.125283	-0.002281	-0.992179	-0.136000	0.340868	0.001531	-0.001143	-0.179229	0.052003	-0.000064	-0.612690
0.450000	-0.154207	-0.002277	-1.013913	-0.158778	0.426038	0.001551	-0.001142	-0.182537	0.058572	-0.000065	-0.645001
0.455000	-0.186088	-0.002274	-1.034454	-0.184184	0.515058	0.001570	-0.001140	-0.185001	0.065490	-0.000066	-0.678861
0.460000	-0.221058	-0.002271	-1.053666	-0.212334	0.607965	0.001589	-0.001138	-0.186541	0.072774	-0.000067	-0.714343
0.465000	-0.259253	-0.002267	-1.071404	-0.243347	0.704791	0.001608	-0.001136	-0.187072	0.080441	-0.000069	-0.751522
0.470000	-0.300807	-0.002263	-1.087516	-0.277339	0.805561	0.001628	-0.001135	-0.186506	0.088512	-0.000070	-0.790474
0.475000	-0.345855	-0.002260	-1.101842	-0.314428	0.910295	0.001647	-0.001133	-0.184747	0.097004	-0.000071	-0.831283
0.480000	-0.394532	-0.002256	-1.114211	-0.354728	1.019009	0.001667	-0.001131	-0.181697	0.105940	-0.000072	-0.874033
0.485000	-0.446974	-0.002252	-1.124445	-0.398355	1.131709	0.001687	-0.001129	-0.177249	0.115341	-0.000074	-0.918816
0.490000	-0.503315	-0.002249	-1.132353	-0.445422	1.248395	0.001706	-0.001127	-0.171292	0.125229	-0.000075	-0.965725
0.495000	-0.563689	-0.002245	-1.137737	-0.496042	1.369061	0.001726	-0.001125	-0.163711	0.135630	-0.000076	-1.014859
0.500000	-0.628231	-0.002241	-1.140385	-0.550323	1.493689	0.001746	-0.001123	-0.154379	0.146567	-0.000077	-1.066322
