fld	z1	z2	z3	z4	z5	z6	z7	z8	z9	z10	z11
---	--	--	--	--	--	--	--	--	--	---	---
0.000000	-0.095860	0.000000	0.000000	-0.130634	0.000000	0.000000	-0.000000	0.000000	-0.023511	-0.000000	-0.000000
0.001200	-0.095761	0.000000	-0.001601	-0.130532	-0.000069	0.000000	-0.000000	-0.000421	-0.023508	0.000000	-0.000000
0.002400	-0.095466	0.000000	-0.003202	-0.130227	-0.000277	0.000000	-0.000000	-0.000842	-0.023498	-0.000000	-0.000001
0.003600	-0.094975	0.000000	-0.004802	-0.129720	-0.000624	0.000000	-0.000000	-0.001262	-0.023482	-0.000000	-0.000003
0.004800	-0.094287	0.000000	-0.006401	-0.129010	-0.001108	0.000000	-0.000000	-0.001682	-0.023459	-0.000000	-0.000008
0.006000	-0.093405	0.000000	-0.007999	-0.128099	-0.001729	0.000000	-0.000000	-0.002101	-0.023431	0.000000	-0.000015
0.007200	-0.092328	-0.000000	-0.009594	-0.126987	-0.002486	0.000000	-0.000000	-0.002519	-0.023395	0.000000	-0.000026
0.008400	-0.091059	-0.000000	-0.011187	-0.125677	-0.003378	0.000000	-0.000000	-0.002936	-0.023353	-0.000000	-0.000041
0.009600	-0.089599	-0.000000	-0.012777	-0.124169	-0.004403	0.000000	-0.000000	-0.003351	-0.023305	-0.000000	-0.000061
0.010800	-0.087950	0.000000	-0.014364	-0.122466	-0.005559	0.000000	-0.000000	-0.003765	-0.023251	-0.000000	-0.000087
0.012000	-0.086113	0.000000	-0.015947	-0.120568	-0.006846	0.000000	-0.000000	-0.004176	-0.023190	0.000000	-0.000120
0.013200	-0.084091	0.000000	-0.017527	-0.118480	-0.008259	0.000000	-0.000000	-0.004586	-0.023122	-0.000000	-0.000159
0.014400	-0.081887	0.000000	-0.019102	-0.116202	-0.009798	0.000000	-0.000000	-0.004993	-0.023048	-0.000000	-0.000207
0.015600	-0.079503	0.000000	-0.020673	-0.113738	-0.011459	0.000000	-0.000000	-0.005398	-0.022968	-0.000000	-0.000263
0.016800	-0.076941	0.000000	-0.022238	-0.111091	-0.013240	0.000000	-0.000000	-0.005801	-0.022881	0.000000	-0.000328
0.018000	-0.074207	0.000000	-0.023798	-0.108264	-0.015138	0.000000	-0.000000	-0.006200	-0.022788	-0.000000	-0.000403
0.019200	-0.071302	-0.000000	-0.025353	-0.105261	-0.017148	0.000000	-0.000000	-0.006597	-0.022689	-0.000000	-0.000490
0.020400	-0.068231	0.000000	-0.026902	-0.102084	-0.019269	0.000000	-0.000000	-0.006990	-0.022583	0.000000	-0.000587
0.021600	-0.064997	0.000000	-0.028444	-0.098739	-0.021495	0.000000	-0.000000	-0.007380	-0.022471	0.000000	-0.000697
0.022800	-0.061605	0.000000	-0.029980	-0.095229	-0.023823	0.000000	-0.000000	-0.007767	-0.022352	-0.000000	-0.000820
0.024000	-0.058059	0.000000	-0.031509	-0.091559	-0.026248	0.000000	-0.000000	-0.008150	-0.022227	0.000000	-0.000957
0.025200	-0.054364	0.000000	-0.033030	-0.087734	-0.028767	0.000000	-0.000000	-0.008529	-0.022095	0.000000	-0.001107
0.026400	-0.050526	0.000000	-0.034545	-0.083758	-0.031373	0.000000	-0.000000	-0.008905	-0.021957	0.000000	-0.001273
0.027600	-0.046548	0.000000	-0.036052	-0.079638	-0.034063	0.000000	-0.000000	-0.009276	-0.021813	0.000000	-0.001455
0.028800	-0.042437	0.000000	-0.037551	-0.075377	-0.036830	0.000000	-0.000000	-0.009644	-0.021662	0.000000	-0.001653
0.030000	-0.038199	0.000000	-0.039042	-0.070983	-0.039669	0.000000	-0.000000	-0.010007	-0.021505	0.000000	-0.001869
0.031200	-0.033839	0.000000	-0.040525	-0.066461	-0.042575	0.000000	-0.000000	-0.010366	-0.021341	0.000000	-0.002102
0.032400	-0.029364	0.000000	-0.042000	-0.061818	-0.045541	0.000000	-0.000000	-0.010720	-0.021171	0.000000	-0.002355
0.033600	-0.024781	0.000000	-0.043466	-0.057059	-0.048561	0.000000	-0.000000	-0.011071	-0.020994	0.000000	-0.002626
0.034800	-0.020096	0.000000	-0.044924	-0.052193	-0.051628	0.000000	-0.000000	-0.011416	-0.020812	0.000000	-0.002918
0.036000	-0.015317	0.000000	-0.046373	-0.047226	-0.054735	0.000000	-0.000000	-0.011757	-0.020622	0.000000	-0.003230
0.037200	-0.010450	0.000000	-0.047814	-0.042166	-0.057875	0.000000	-0.000000	-0.012093	-0.020427	0.000000	-0.003565
0.038400	-0.005505	0.000000	-0.049246	-0.037020	-0.061040	0.000000	-0.000000	-0.012425	-0.020225	0.000000	-0.003921
0.039600	-0.000488	0.000000	-0.050669	-0.031797	-0.064223	0.000000	-0.000000	-0.012752	-0.020016	0.000000	-0.004301
0.040800	0.004591	0.000000	-0.052083	-0.026504	-0.067415	0.000000	-0.000000	-0.013075	-0.019802	0.000000	-0.004704
0.042000	0.009725	0.000000	-0.053489	-0.021151	-0.070609	0.000000	-0.000000	-0.013392	-0.019581	0.000000	-0.005132
0.043200	0.014904	0.000000	-0.054886	-0.015747	-0.073794	0.000000	-0.000000	-0.013706	-0.019353	0.000000	-0.005584
0.044400	0.020119	0.000000	-0.056275	-0.010300	-0.076963	0.000000	-0.000000	-0.014014	-0.019119	0.000000	-0.006063
0.045600	0.025360	0.000000	-0.057655	-0.004821	-0.080106	0.000000	-0.000000	-0.014318	-0.018879	0.000000	-0.006569
0.046800	0.030618	0.000000	-0.059027	0.000682	-0.083212	0.000000	-0.000000	-0.014618	-0.018632	0.000000	-0.007102
0.048000	0.035882	-0.000000	-0.060392	0.006197	-0.086273	0.000000	-0.000000	-0.014914	-0.018380	0.000000	-0.007662
0.049200	0.041142	-0.000000	-0.061748	0.011714	-0.089277	0.000000	-0.000000	-0.015205	-0.018120	0.000000	-0.008252
0.050400	0.046387	-0.000000	-0.063098	0.017221	-0.092214	0.000000	-0.000000	-0.015492	-0.017855	0.000000	-0.008871
0.051600	0.051605	0.000000	-0.064440	0.022709	-0.095073	0.000000	-0.000000	-0.015775	-0.017583	0.000000	-0.009521
0.052800	0.056785	0.000000	-0.065775	0.028165	-0.097842	0.000000	-0.000000	-0.016055	-0.017305	0.000000	-0.010201
0.054000	0.061915	0.000000	-0.067104	0.033578	-0.100510	0.000000	-0.000000	-0.016330	-0.017020	0.000000	-0.010913
0.055200	0.066983	0.000000	-0.068428	0.038934	-0.103064	0.000000	-0.000000	-0.016603	-0.016729	-0.000000	-0.011658
0.056400	0.071976	-0.000000	-0.069746	0.044221	-0.105491	0.000000	-0.000000	-0.016873	-0.016432	0.000000	-0.012436
0.057600	0.076881	-0.000000	-0.071059	0.049427	-0.107779	0.000000	-0.000000	-0.017139	-0.016129	0.000000	-0.013247
0.058800	0.081684	-0.000000	-0.072368	0.054537	-0.109914	0.000000	-0.000000	-0.017404	-0.015819	0.000000	-0.014093
0.060000	0.086372	-0.000000	-0.073673	0.059539	-0.111883	0.000000	-0.000000	-0.017666	-0.015503	0.000000	-0.014974
0.061200	0.090931	-0.000000	-0.074975	0.064416	-0.113671	0.000000	-0.000000	-0.017926	-0.015181	0.000000	-0.015892
0.062400	0.095345	-0.000000	-0.076276	0.069156	-0.115263	0.000000	-0.000000	-0.018184	-0.014852	0.000000	-0.016846
0.063600	0.099600	-0.000000	-0.077575	0.073743	-0.116645	0.000000	-0.000000	-0.018442	-0.014517	0.000000	-0.017837
0.064800	0.103680	0.000000	-0.078873	0.078161	-0.117800	0.000000	-0.000000	-0.018699	-0.014177	0.000000	-0.018867
0.066000	0.107569	0.000000	-0.080172	0.082395	-0.118713	0.000000	-0.000000	-0.018955	-0.013829	0.000000	-0.019935
0.067200	0.111251	-0.000000	-0.081472	0.086427	-0.119367	0.000000	-0.000000	-0.019212	-0.013476	0.000000	-0.021043
0.068400	0.114710	0.000000	-0.082775	0.090242	-0.119745	0.000000	-0.000000	-0.019469	-0.013117	0.000000	-0.022191
0.069600	0.117927	0.000000	-0.084082	0.093822	-0.119830	0.000000	-0.000000	-0.019728	-0.012751	0.000000	-0.023380
0.070800	0.120886	-0.000000	-0.085393	0.097149	-0.119603	0.000000	-0.000000	-0.019989	-0.012379	0.000000	-0.024610
0.072000	0.123567	0.000000	-0.086710	0.100206	-0.119046	0.000000	-0.000000	-0.020253	-0.012001	0.000000	-0.025883
0.073200	0.125953	0.000000	-0.088035	0.102972	-0.118141	0.000000	-0.000000	-0.020519	-0.011617	0.000000	-0.027199
0.074400	0.128024	-0.000000	-0.089368	0.105429	-0.116867	0.000000	-0.000000	-0.020789	-0.011227	0.000000	-0.028558
0.075600	0.129760	-0.000000	-0.090712	0.107558	-0.115204	0.000000	-0.000000	-0.021065	-0.010831	0.000000	-0.029962
0.076800	0.131141	-0.000000	-0.092067	0.109338	-0.113131	0.000000	-0.000000	-0.021345	-0.010429	0.000000	-0.031411
0.078000	0.132146	-0.000000	-0.093436	0.110748	-0.110627	0.000000	-0.000000	-0.021632	-0.010021	0.000000	-0.032906
0.079200	0.132754	0.000000	-0.094820	0.111767	-0.107670	0.000000	-0.000000	-0.021925	-0.009607	0.000000	-0.034447
0.080400	0.132943	-0.000000	-0.096221	0.112372	-0.104238	0.000000	-0.000000	-0.022227	-0.009186	0.000000	-0.036035
0.081600	0.132691	0.000000	-0.097641	0.112542	-0.100307	0.000000	-0.000000	-0.022538	-0.008760	0.000000	-0.037670
0.082800	0.131974	-0.000000	-0.099082	0.112254	-0.095853	0.000000	-0.000000	-0.022858	-0.008328	0.000000	-0.039355
0.084000	0.130769	0.000000	-0.100545	0.111483	-0.090851	0.000000	-0.000000	-0.023190	-0.007891	0.000000	-0.041088
0.085200	0.129052	0.000000	-0.102034	0.110205	-0.085277	0.000000	-0.000000	-0.023533	-0.007447	0.000000	-0.042870
0.086400	0.126797	-0.000000	-0.103551	0.108396	-0.079105	0.000000	-0.000000	-0.023890	-0.006998	0.000000	-0.044703
0.087600	0.123979	-0.000000	-0.105097	0.106029	-0.072306	0.000000	-0.000000	-0.024261	-0.006542	0.000000	-0.046587
0.088800	0.120572	-0.000000	-0.106676	0.103079	-0.064855	0.000000	-0.000000	-0.024648	-0.006081	0.000000	-0.048523
0.090000	0.116548	0.000000	-0.108290	0.099518	-0.056723	0.000000	-0.000000	-0.025052	-0.005615	0.000000	-0.050510
0.091200	0.111881	0.000000	-0.109941	0.095320	-0.047881	0.000000	-0.000000	-0.025475	-0.005143	0.000000	-0.052550
0.092400	0.106542	0.000000	-0.111634	0.090454	-0.038298	0.000000	-0.000000	-0.025917	-0.004665	0.000000	-0.054644
0.093600	0.100502	0.000000	-0.113370	0.084893	-0.027945	0.000000	-0.000000	-0.026381	-0.004181	0.000000	-0.056791
0.094800	0.093731	-0.000000	-0.115153	0.078607	-0.016789	0.000000	-0.000000	-0.026867	-0.003693	0.000000	-0.058993
0.096000	0.086198	0.000000	-0.116986	0.071564	-0.004798	0.000000	0.000000	-0.027378	-0.003198	0.000000	-0.061250
0.097200	0.077872	0.000000	-0.118873	0.063734	0.008061	0.000000	0.000000	-0.027916	-0.002698	0.000000	-0.063563
0.098400	0.068721	-0.000000	-0.120817	0.055084	0.021822	0.000000	-0.000000	-0.028481	-0.002193	0.000000	-0.065932
0.099600	0.058712	0.000000	-0.122821	0.045581	0.036522	0.000000	-0.000000	-0.029077	-0.001683	0.000000	-0.068357
0.100800	0.047811	-0.000000	-0.124891	0.035191	0.052195	0.000000	-0.000000	-0.029704	-0.001167	0.000000	-0.070839
0.102000	0.035983	0.000000	-0.127029	0.023879	0.068881	0.000000	-0.000000	-0.030365	-0.000647	0.000000	-0.073379
0.103200	0.023192	-0.000000	-0.129240	0.011610	0.086615	0.000000	-0.000000	-0.031062	-0.000121	0.000000	-0.075978
0.104400	0.009403	0.000000	-0.131528	-0.001653	0.105440	0.000000	-0.000000	-0.031798	0.000410	0.000000	-0.078635
0.105600	-0.005424	0.000000	-0.133898	-0.015948	0.125394	0.000000	-0.000000	-0.032574	0.000946	0.000000	-0.081350
0.106800	-0.021325	0.000000	-0.136355	-0.031314	0.146519	0.000000	-0.000000	-0.033392	0.001487	0.000000	-0.084126
0.108000	-0.038342	0.000000	-0.138903	-0.047789	0.168859	0.000000	-0.000000	-0.034256	0.002032	0.000000	-0.086961
0.109200	-0.056513	0.000000	-0.141547	-0.065415	0.192458	0.000000	-0.000000	-0.035168	0.002582	-0.000000	-0.089857
0.110400	-0.075882	0.000000	-0.144293	-0.084234	0.217360	0.000000	-0.000000	-0.036130	0.003137	-0.000000	-0.092813
0.111600	-0.096490	0.000000	-0.147146	-0.104287	0.243613	0.000000	-0.000000	-0.037146	0.003696	-0.000000	-0.095831
0.112800	-0.118382	0.000000	-0.150112	-0.125620	0.271264	0.000000	-0.000000	-0.038217	0.004260	0.000000	-0.098909
0.114000	-0.141603	0.000000	-0.153197	-0.148277	0.300363	-0.000000	-0.000000	-0.039348	0.004828	0.000000	-0.102050
0.115200	-0.166198	0.000000	-0.156407	-0.172305	0.330961	-0.000000	-0.000000	-0.040541	0.005400	-0.000000	-0.105252
0.116400	-0.192216	0.000000	-0.159748	-0.197751	0.363109	0.000000	0.000000	-0.041799	0.005977	0.000000	-0.108517
0.117600	-0.219704	0.000000	-0.163227	-0.224664	0.396861	-0.000000	-0.000000	-0.043127	0.006557	0.000000	-0.111844
0.118800	-0.248713	0.000000	-0.166850	-0.253093	0.432273	-0.000000	-0.000000	-0.044526	0.007141	0.000000	-0.115235
0.120000	-0.279295	0.000000	-0.170626	-0.283091	0.469401	-0.000000	-0.000000	-0.046001	0.007729	-0.000000	-0.118688
